0.370865	0.37879	0.250345
0.167602	0.338812	0.493586
0.0248969	0.486376	0.488727
0.313993	0.302569	0.383437
0.175185	0.169016	0.6558
0.201892	0.401324	0.396784
0.287942	0.301194	0.410863
0.212646	0.558285	0.229069
0.771771	0.188221	0.0400074
0.121379	0.317422	0.561199
0.291006	0.0277758	0.681218
0.115521	0.677728	0.206751
0.341869	0.406828	0.251303
0.012891	0.321081	0.666028
0.485603	0.204202	0.310195
0.0802133	0.457888	0.461898
0.163888	0.778634	0.0574774
0.306036	0.40915	0.284814
0.209296	0.267306	0.523398
0.261531	0.517793	0.220676
0.360911	0.158889	0.480199
0.150482	0.452345	0.397172
0.134429	0.393125	0.472446
0.249896	0.588637	0.161467
0.250966	0.239095	0.509939
0.468352	0.108449	0.423198
0.105016	0.169878	0.725107
0.422729	0.12244	0.454831
0.255118	0.312983	0.431899
0.491455	0.361437	0.147108
0.170017	0.502838	0.327145
0.388786	0.273819	0.337395
0.167167	0.662221	0.170612
0.33346	0.210896	0.455644
0.380321	0.572609	0.0470699
0.223246	0.458365	0.318389
0.401103	0.48895	0.109947
0.187037	0.32985	0.483113
0.332465	0.153962	0.513573
0.0499969	0.502727	0.447276
0.242649	0.372982	0.384369
0.365445	0.265814	0.368741
0.611851	0.163491	0.224658
0.626069	0.122785	0.251145
0.603284	0.0240992	0.372617
0.42692	0.169307	0.403773
0.477226	0.452246	0.0705278
0.0270403	0.272968	0.699991
0.475548	0.161133	0.363318
0.41127	0.439829	0.1489
0.293857	0.433186	0.272957
0.371542	0.191765	0.436693
0.114933	0.513087	0.37198
0.38395	0.189195	0.426855
0.407823	0.512732	0.0794451
0.677345	0.256391	0.066264
0.541623	0.43573	0.0226473
0.3305	0.397363	0.272137
0.319828	0.566641	0.113531
0.106317	0.49289	0.400794
0.466462	0.144216	0.389322
0.0671634	0.698354	0.234482
0.369342	0.358109	0.272549
0.558366	0.332232	0.109403
0.494634	0.368799	0.136568
0.318688	0.549611	0.131702
0.258856	0.293408	0.447736
0.265989	0.36729	0.366722
0.213849	0.329453	0.456698
0.714421	0.11478	0.170799
0.428604	0.034633	0.536763
0.0968351	0.38252	0.520645
0.539831	0.265582	0.194587
0.193073	0.303717	0.50321
0.383181	0.266905	0.349914
0.360511	0.331493	0.307997
0.345617	0.23915	0.415233
0.45675	0.323068	0.220182
0.0625982	0.804421	0.132981
0.46617	0.194659	0.339171
0.378078	0.613347	0.00857469
0.652294	0.0673551	0.280351
0.485133	0.481869	0.0329982
0.366311	0.344121	0.289568
0.2062	0.400236	0.393564
0.335377	0.414551	0.250071
0.658086	0.12768	0.214234
0.294499	0.336363	0.369138
0.381369	0.0897964	0.528835
0.0339738	0.406771	0.559255
0.467988	0.329119	0.202894
0.295362	0.0821105	0.622528
0.17227	0.0823747	0.745355
0.400131	0.211689	0.388179
0.501161	0.0548344	0.444004
0.163602	0.2465	0.589898
0.46912	0.0824593	0.44842
0.30632	0.386169	0.307511
0.0668372	0.545218	0.387945
0.648485	0.0731601	0.278355
0.181774	0.423541	0.394685
0.126658	0.408915	0.464427
0.242629	0.0527038	0.704667
0.465203	0.112773	0.422024
0.363658	0.457069	0.179273
0.394515	0.133813	0.471672
0.0362567	0.354241	0.609503
0.0701853	0.467466	0.462348
0.328963	0.261912	0.409124
0.394195	0.308788	0.297017
0.43544	0.219134	0.345426
0.525799	0.0937575	0.380444
0.611219	0.300465	0.0883163
0.305598	0.493307	0.201095
0.542941	0.0450654	0.411993
0.210194	0.187151	0.602655
0.323228	0.41332	0.263453
0.186219	0.408647	0.405135
0.519129	0.413884	0.0669878
0.655924	0.335232	0.00884457
0.18874	0.329202	0.482058
0.333384	0.591138	0.0754777
0.387906	0.0929883	0.519105
0.0215347	0.686984	0.291482
0.15818	0.578985	0.262835
0.161759	0.470076	0.368165
0.404751	0.407031	0.188218
0.118441	0.345895	0.535664
0.504989	0.330878	0.164134
0.391024	0.31527	0.293707
0.236256	0.238273	0.525471
0.47843	0.119419	0.402151
0.455078	0.0512125	0.49371
0.283075	0.327913	0.389012
0.389093	0.284197	0.32671
0.294505	0.115248	0.590246
0.155074	0.645246	0.19968
0.230199	0.21018	0.559621
0.0537498	0.631696	0.314554
0.171604	0.603652	0.224744
0.548583	0.248096	0.203321
0.497165	0.205805	0.29703
0.393133	0.282209	0.324657
0.257533	0.643962	0.0985044
0.358573	0.206599	0.434828
0.133562	0.438726	0.427711
0.22341	0.428318	0.348272
0.377499	0.285752	0.336749
0.441549	0.0488294	0.509622
0.237366	0.37036	0.392274
0.0618588	0.325165	0.612976
0.0721586	0.150487	0.777354
0.183415	0.551946	0.264639
0.174794	0.460292	0.364914
0.340213	0.452069	0.207718
0.820784	0.11729	0.0619253
0.13487	0.714436	0.150694
0.217829	0.180415	0.601756
0.668446	0.254944	0.0766096
0.398627	0.0553191	0.546054
0.356442	0.31452	0.329037
0.163016	0.705319	0.131665
0.433374	0.120322	0.446304
0.208407	0.432686	0.358907
0.382331	0.26991	0.347759
0.610741	0.123562	0.265696
0.799623	0.13831	0.0620673
0.275722	0.481109	0.243169
0.636463	0.0544559	0.309082
0.173753	0.742782	0.083465
0.480188	0.183925	0.335887
0.234915	0.664849	0.100236
0.508132	0.427593	0.0642758
0.380182	0.373159	0.24666
0.745987	0.152428	0.101585
0.373013	0.099096	0.527891
0.219532	0.435123	0.345345
0.377488	0.461921	0.160591
0.264145	0.48082	0.255035
0.51293	0.478932	0.00813769
0.344158	0.455674	0.200167
0.372122	0.535931	0.0919473
0.376858	0.346033	0.277109
0.715837	0.209463	0.0746996
0.526993	0.385794	0.0872128
0.129646	0.236781	0.633573
0.338026	0.543059	0.118914
0.344585	0.453282	0.202133
0.0569163	0.167534	0.77555
0.580429	0.321465	0.0981055
0.384626	0.339527	0.275847
0.342589	0.294945	0.362466
0.357431	0.258135	0.384433
0.285182	0.252529	0.462289
0.176569	0.257058	0.566373
0.0113746	0.33295	0.655676
0.612614	0.254536	0.13285
0.50681	0.384743	0.108446
0.380395	0.252893	0.366712
0.20375	0.62688	0.16937
0.011701	0.241043	0.747256
0.329718	0.367073	0.303208
0.350798	0.333326	0.315876
0.423277	0.428889	0.147834
0.44739	0.1009	0.451709
0.302257	0.359496	0.338247
0.184805	0.753799	0.0613962
0.174075	0.373447	0.452479
0.0634058	0.167049	0.769545
0.394424	0.377959	0.227617
0.018155	0.919634	0.0622108
0.224086	0.389701	0.386214
0.357439	0.573662	0.0688985
0.12835	0.281956	0.589694
0.030718	0.686988	0.282294
0.331308	0.239465	0.429226
0.160743	0.402089	0.437168
0.351586	0.440295	0.20812
0.385827	0.0458176	0.568355
0.300489	0.0339896	0.665521
0.390992	0.19602	0.412988
0.327555	0.379228	0.293217
0.294458	0.588848	0.116695
0.306647	0.232291	0.461063
0.314605	0.314476	0.37092
0.357375	0.357182	0.285444
0.17406	0.39134	0.434599
0.0656026	0.239512	0.694886
0.405146	0.0120392	0.582815
0.281907	0.360327	0.357766
0.480515	0.507919	0.0115662
0.323321	0.329107	0.347573
0.539197	0.128672	0.33213
0.125221	0.402252	0.472527
0.599387	0.0476332	0.35298
0.536384	0.217311	0.246305
0.260357	0.450067	0.289577
0.310032	0.332325	0.357643
0.397337	0.54567	0.0569929
0.453469	0.520279	0.0262519
0.0170021	0.13333	0.849668
0.347765	0.302297	0.349938
0.241791	0.3677	0.390509
0.0218296	0.213627	0.764544
0.424674	0.0629955	0.512331
0.345254	0.407202	0.247544
0.273456	0.397979	0.328565
0.595363	0.348744	0.0558929
0.383603	0.219837	0.39656
0.195844	0.400411	0.403744
0.11137	0.836603	0.0520274
0.132485	0.278043	0.589472
0.444834	0.102303	0.452864
0.404951	0.386268	0.208781
0.720799	0.250944	0.0282571
0.495189	0.169228	0.335583
0.411531	0.397076	0.191394
0.274655	0.0276355	0.697709
0.465743	0.288832	0.245426
0.313957	0.239119	0.446924
0.716276	0.234174	0.0495503
0.259057	0.0730239	0.667919
0.245569	0.104033	0.650398
0.431634	0.0586213	0.509745
0.38012	0.388565	0.231315
0.611949	0.0236211	0.36443
0.434332	0.238414	0.327254
0.475608	0.510482	0.0139101
0.169867	0.393914	0.436219
0.351623	0.377478	0.270899
0.277644	0.541793	0.180563
0.266251	0.41247	0.321279
0.397285	0.291127	0.311588
0.187876	0.434173	0.377951
0.426872	0.328767	0.244361
0.404781	0.0365038	0.558715
0.178029	0.127258	0.694713
0.303651	0.558511	0.137838
0.287062	0.368441	0.344497
0.168502	0.362732	0.468766
0.446862	0.116137	0.437001
0.469736	0.0384066	0.491858
0.54317	0.415523	0.0413078
0.596902	0.272431	0.130667
0.265797	0.582746	0.151458
0.0345513	0.532418	0.433031
0.235867	0.144368	0.619764
0.201992	0.242094	0.555914
0.438707	0.140845	0.420447
0.633629	0.105456	0.260915
0.28886	0.222105	0.489035
0.298856	0.472791	0.228353
0.252428	0.640844	0.106728
0.437867	0.17768	0.384454
0.260448	0.640643	0.0989084
0.396878	0.471827	0.131295
0.0480083	0.41685	0.535142
0.236859	0.214693	0.548449
0.319754	0.293494	0.386751
0.284948	0.30385	0.411202
0.226069	0.486644	0.287287
0.303924	0.0662323	0.629843
0.522297	0.026534	0.451169
0.513964	0.15514	0.330896
0.143301	0.561283	0.295415
0.257154	0.301177	0.441669
0.334455	0.245987	0.419559
0.347413	0.301255	0.351332
0.215239	0.613853	0.170908
0.268645	0.373664	0.357691
0.375047	0.400279	0.224674
0.414454	0.253481	0.332065
0.43401	0.534058	0.0319321
0.086495	0.609422	0.304083
0.184263	0.494725	0.321013
0.351492	0.0959728	0.552535
0.444845	0.0296556	0.5255
0.112981	0.483068	0.403951
0.0922322	0.379599	0.528169
0.25083	0.363819	0.38535
0.238465	0.530419	0.231115
0.0939862	0.137835	0.768179
0.245301	0.493538	0.261161
0.40779	0.352323	0.239887
0.455598	0.193601	0.350801
0.356582	0.281007	0.362411
0.137604	0.440743	0.421653
0.238262	0.56139	0.200348
0.135066	0.0618551	0.803079
0.426378	0.498885	0.074737
0.267625	0.376329	0.356047
0.462638	0.508447	0.028915
0.0927003	0.516099	0.391201
0.303645	0.361491	0.334864
0.477462	0.405564	0.116975
0.00743938	0.481419	0.511141
0.426215	0.277368	0.296417
0.199088	0.643421	0.157491
0.362272	0.406859	0.230869
0.36156	0.361378	0.277062
0.201218	0.35573	0.443052
0.390403	0.375974	0.233623
0.591634	0.0669955	0.34137
0.0173889	0.493184	0.489427
0.13119	0.402457	0.466353
0.261701	0.370892	0.367408
0.786161	0.0784006	0.135439
0.138378	0.249553	0.612069
0.191492	0.433536	0.374972
0.365748	0.248876	0.385376
0.734293	0.139533	0.126174
0.399983	0.0322536	0.567763
0.381673	0.230706	0.387621
0.473562	0.398688	0.12775
0.167071	0.347921	0.485007
0.351455	0.34626	0.302285
0.462859	0.347052	0.190089
0.406805	0.0894968	0.503698
0.441582	0.426671	0.131747
0.301243	0.245043	0.453714
0.291598	0.434557	0.273846
0.221571	0.695433	0.0829954
0.0459392	0.188985	0.765076
0.374932	0.230293	0.394775
0.243714	0.360938	0.395348
0.333595	0.223532	0.442873
0.0512946	0.531022	0.417683
0.338082	0.0989642	0.562954
0.266131	0.15527	0.578599
0.341353	0.311404	0.347242
0.690116	0.271077	0.0388078
0.443253	0.178622	0.378125
0.0386991	0.550082	0.411218
0.133531	0.430861	0.435608
0.397973	0.319759	0.282268
0.770202	0.180856	0.0489414
0.59376	0.331657	0.074583
0.159574	0.412308	0.428118
0.556632	0.308423	0.134945
0.645507	0.207038	0.147455
0.255877	0.277021	0.467101
0.590431	0.0301295	0.379439
0.373599	0.484305	0.142096
0.420368	0.325678	0.253954
0.144961	0.259858	0.595181
0.173339	0.17365	0.653011
0.684924	0.17883	0.136245
0.531709	0.0145682	0.453723
0.575829	0.0596711	0.364499
0.204458	0.352342	0.443201
0.435746	0.0664937	0.497761
0.169363	0.440881	0.389756
0.0660759	0.325647	0.608277
0.0746513	0.602247	0.323102
0.371905	0.259429	0.368666
0.332225	0.501367	0.166408
0.332632	0.316023	0.351345
0.40491	0.314002	0.281088
0.431405	0.0335035	0.535091
0.411801	0.492566	0.0956327
0.0494978	0.336107	0.614395
0.440973	0.426654	0.132373
0.41346	0.226637	0.359904
0.138847	0.420469	0.440683
0.566222	0.155498	0.27828
0.105425	0.37777	0.516805
0.181005	0.557589	0.261406
0.174116	0.454904	0.37098
0.00978659	0.610388	0.379826
0.558594	0.330852	0.110554
0.174742	0.209512	0.615746
0.485337	0.207557	0.307105
0.236879	0.353419	0.409702
0.342403	0.304832	0.352765
0.0836702	0.117893	0.798437
0.46228	0.088449	0.449271
0.378973	0.195937	0.42509
0.248453	0.288567	0.46298
0.108489	0.880711	0.0107995
0.443495	0.242605	0.3139
0.423851	0.361021	0.215128
0.271734	0.417071	0.311195
0.0638141	0.675296	0.26089
0.288133	0.286478	0.425388
0.411121	0.437972	0.150907
0.35141	0.341735	0.306854
0.334172	0.534963	0.130865
0.0713697	0.13816	0.79047
0.37027	0.444236	0.185494
0.114515	0.428497	0.456988
0.0567138	0.313246	0.63004
0.597281	0.212072	0.190647
0.294868	0.267378	0.437755
0.234757	0.380654	0.384588
0.184103	0.404595	0.411302
0.365537	0.341491	0.292972
0.38806	0.163763	0.448178
0.490162	0.396789	0.113049
0.164508	0.744595	0.0908965
0.346702	0.169301	0.483996
0.451193	0.539676	0.0091301
0.469067	0.0196892	0.511243
0.567198	0.0115007	0.421301
0.540122	0.209541	0.250336
0.40178	0.231945	0.366275
0.224765	0.390294	0.384941
0.13171	0.118278	0.750012
0.0977354	0.226745	0.67552
0.441798	0.11159	0.446611
0.505327	0.175415	0.319259
0.336359	0.221312	0.442329
0.296115	0.231979	0.471907
0.0314838	0.289831	0.678686
0.0932101	0.481718	0.425072
0.275374	0.374139	0.350487
0.333251	0.179604	0.487145
0.634645	0.0368538	0.328501
0.288669	0.467794	0.243537
0.670397	0.0742175	0.255386
0.012364	0.57794	0.409696
0.271735	0.381239	0.347026
0.126839	0.45082	0.422341
0.498327	0.196051	0.305622
0.0700719	0.497652	0.432276
0.117987	0.850166	0.0318469
0.28092	0.0552778	0.663803
0.43025	0.226812	0.342938
0.0231442	0.348541	0.628315
0.35905	0.513535	0.127415
0.212118	0.401616	0.386266
0.280099	0.528705	0.191197
0.117501	0.421625	0.460874
0.336814	0.577572	0.0856141
0.460206	0.0948762	0.444918
0.208399	0.553116	0.238485
0.351292	0.335496	0.313212
0.478485	0.0651754	0.45634
0.114382	0.774399	0.111219
0.170983	0.32363	0.505387
0.483508	0.25558	0.260913
0.140862	0.48308	0.376057
0.287947	0.350382	0.361671
0.231775	0.284478	0.483747
0.43441	0.435012	0.130577
0.363532	0.457219	0.179249
0.527088	0.332847	0.140065
0.367951	0.261684	0.370365
0.751807	0.0279695	0.220224
0.486139	0.146741	0.36712
0.217804	0.507416	0.27478
0.113806	0.215824	0.670371
0.104674	0.0651208	0.830205
0.0351891	0.323386	0.641425
0.638518	0.274037	0.0874452
0.706821	0.263901	0.0292775
0.165306	0.438987	0.395707
0.384736	0.430482	0.184782
0.505659	0.345115	0.149225
0.219782	0.314274	0.465944
0.153461	0.268376	0.578162
0.156435	0.395204	0.448361
0.427529	0.0415417	0.53093
0.454653	0.128595	0.416752
0.0376377	0.632307	0.330055
0.58206	0.0129539	0.404987
0.339374	0.619566	0.0410604
0.617116	0.233445	0.149439
0.0636383	0.496015	0.440347
0.755956	0.0229647	0.221079
0.43146	0.149132	0.419407
0.325431	0.283908	0.390661
0.316317	0.426015	0.257668
0.63082	0.0372302	0.331949
0.481224	0.027507	0.491269
0.413193	0.291037	0.29577
0.33869	0.514572	0.146737
0.278507	0.212822	0.508671
0.120597	0.482701	0.396702
0.457636	0.253201	0.289163
0.315149	0.376021	0.30883
0.564717	0.411222	0.0240611
0.418018	0.410295	0.171687
0.283406	0.391248	0.325346
0.289613	0.591907	0.118481
0.810268	0.0287896	0.160942
0.315896	0.266557	0.417546
0.209221	0.248925	0.541854
0.266996	0.345263	0.387741
0.288487	0.334279	0.377234
0.331246	0.302576	0.366179
0.173299	0.55614	0.270561
0.0254118	0.478664	0.495924
0.336156	0.279209	0.384635
0.538442	0.010699	0.450859
0.37288	0.33625	0.29087
0.0731081	0.34644	0.580452
0.132531	0.529705	0.337764
0.249447	0.598036	0.152516
0.267156	0.302464	0.430379
0.132008	0.337174	0.530817
0.781926	0.0589402	0.159134
0.251565	0.400146	0.348289
0.425261	0.347612	0.227127
0.349269	0.289603	0.361128
0.243039	0.203485	0.553476
0.366686	0.231968	0.401347
0.305258	0.379185	0.315557
0.79866	0.0248518	0.176489
0.54815	0.179132	0.272719
0.369102	0.54962	0.0812784
0.409698	0.339977	0.250325
0.222228	0.437965	0.339807
0.614775	0.141965	0.24326
0.567733	0.199314	0.232953
0.0634695	0.701889	0.234642
0.090378	0.151578	0.758044
0.443247	0.244927	0.311826
0.344203	0.392927	0.262869
0.44182	0.240276	0.317904
0.413558	0.305712	0.28073
0.59452	0.00721075	0.39827
0.0710612	0.820982	0.107957
0.72366	0.0387255	0.237614
0.530023	0.157023	0.312954
0.167764	0.386655	0.445581
0.26348	0.364379	0.372141
0.0453172	0.542187	0.412496
0.388479	0.244474	0.367047
0.527446	0.394677	0.0778768
0.300653	0.338141	0.361206
0.275694	0.221664	0.502642
0.400483	0.337907	0.26161
0.0742919	0.194089	0.731619
0.414637	0.203805	0.381558
0.434247	0.329718	0.236036
0.432767	0.158878	0.408355
0.463449	0.0265452	0.510006
0.176104	0.179321	0.644575
0.0743944	0.864361	0.0612443
0.432401	0.403169	0.164429
0.463654	0.31213	0.224215
0.398356	0.323982	0.277661
0.0157673	0.512393	0.47184
0.166122	0.280922	0.552957
0.0143427	0.324579	0.661078
0.505694	0.46808	0.0262264
0.285821	0.313159	0.40102
0.416253	0.449654	0.134093
0.13259	0.721151	0.14626
0.357395	0.287156	0.355449
0.160018	0.294841	0.545141
0.280402	0.365614	0.353984
0.532533	0.38713	0.0803363
0.629601	0.0788366	0.291563
0.367042	0.0638261	0.569132
0.200623	0.137465	0.661913
0.482764	0.360962	0.156273
0.377482	0.334112	0.288406
0.222935	0.023023	0.754042
0.562361	0.278002	0.159638
0.102179	0.417955	0.479867
0.437598	0.484441	0.0779609
0.85635	0.0344936	0.109156
0.331932	0.150535	0.517533
0.33305	0.374123	0.292827
0.284113	0.569912	0.145975
0.303293	0.203726	0.492981
0.260595	0.0529421	0.686462
0.267461	0.0168203	0.715718
0.230718	0.146549	0.622733
0.0311442	0.770401	0.198455
0.491636	0.244339	0.264025
0.267499	0.233456	0.499046
0.3859	0.214424	0.399677
0.217142	0.564775	0.218083
0.471965	0.346338	0.181697
0.369175	0.420319	0.210506
0.0841034	0.828068	0.0878281
0.357226	0.395316	0.247459
0.373193	0.418992	0.207815
0.184438	0.632745	0.182818
0.427836	0.44487	0.127294
0.577744	0.0842794	0.337976
0.206789	0.436938	0.356273
0.29497	0.37449	0.33054
0.370466	0.279608	0.349926
0.0109495	0.584583	0.404468
0.463673	0.387265	0.149063
0.330235	0.134303	0.535461
0.410013	0.457682	0.132305
0.36802	0.591081	0.0408992
0.248451	0.105965	0.645584
0.793587	0.105085	0.101328
0.696055	0.224114	0.0798314
0.25371	0.163053	0.583237
0.315455	0.389168	0.295377
0.180874	0.37029	0.448836
0.47819	0.388313	0.133497
0.698491	0.0544769	0.247032
0.186953	0.432747	0.3803
0.35098	0.545594	0.103426
0.420869	0.362516	0.216615
0.247498	0.114753	0.637749
0.432024	0.364909	0.203066
0.117169	0.384116	0.498715
0.341862	0.102201	0.555937
0.407975	0.424291	0.167734
0.585065	0.320018	0.0949167
0.700954	0.0985812	0.200464
0.398122	0.265583	0.336296
0.0880521	0.6092	0.302748
0.238274	0.469611	0.292114
0.468606	0.0688931	0.4625
0.2391	0.439057	0.321843
0.426325	0.198111	0.375564
0.0943025	0.391359	0.514339
0.0251742	0.260583	0.714242
0.356515	0.539652	0.103833
0.573836	0.173158	0.253006
0.341002	0.252646	0.406352
0.337307	0.374983	0.28771
0.407968	0.347173	0.244859
0.410913	0.430612	0.158475
0.282873	0.161863	0.555264
0.152032	0.361427	0.48654
0.181003	0.379204	0.439793
0.456862	0.413544	0.129595
0.155552	0.513911	0.330537
0.0284538	0.151542	0.820004
0.0870253	0.482564	0.430411
0.381587	0.203534	0.414879
0.136347	0.340545	0.523108
0.604434	0.29551	0.100056
0.360884	0.406587	0.232528
0.0370809	0.461799	0.50112
0.237883	0.23682	0.525298
0.173771	0.26987	0.556359
0.501147	0.082315	0.416538
0.30496	0.477654	0.217386
0.343156	0.34886	0.307984
0.196671	0.576181	0.227148
0.763095	0.219785	0.0171204
0.496548	0.14052	0.362932
0.490141	0.366456	0.143403
0.366297	0.347136	0.286567
0.214282	0.490113	0.295605
0.524476	0.231052	0.244472
0.310373	0.315992	0.373635
0.59037	0.285937	0.123693
0.0281817	0.471617	0.500202
0.448267	0.476738	0.0749951
0.265266	0.37706	0.357674
0.500127	0.353481	0.146393
0.862513	0.075583	0.0619043
0.586639	0.389206	0.0241551
0.0865655	0.423477	0.489957
0.184879	0.430849	0.384272
0.61817	0.289656	0.0921731
0.0565511	0.918714	0.0247346
0.208356	0.373728	0.417916
0.119565	0.252836	0.6276
0.302534	0.518061	0.179405
0.178498	0.405502	0.416
0.373897	0.260945	0.365158
0.229328	0.422011	0.348661
0.379884	0.437694	0.182422
0.252348	0.373442	0.374209
0.190519	0.394374	0.415107
0.217429	0.443717	0.338854
0.550308	0.0539434	0.395749
0.390333	0.0377248	0.571942
0.3307	0.326139	0.34316
0.0258371	0.369721	0.604442
0.439304	0.25909	0.301606
0.556806	0.212712	0.230482
0.692412	0.0949845	0.212604
0.366665	0.273315	0.36002
0.218416	0.737219	0.0443651
0.381876	0.452275	0.165849
0.0494707	0.692012	0.258518
0.341517	0.41076	0.247723
0.307888	0.324794	0.367318
0.528327	0.124657	0.347016
0.434122	0.468505	0.097373
0.302597	0.328617	0.368786
0.274192	0.440196	0.285612
0.359018	0.280513	0.360468
0.0954633	0.562741	0.341796
0.0904818	0.613462	0.296056
0.184969	0.409139	0.405892
0.216781	0.372597	0.410622
0.256474	0.454092	0.289434
0.239471	0.0791845	0.681345
0.541647	0.278084	0.180269
0.44298	0.212576	0.344444
0.640111	0.327329	0.0325601
0.200016	0.199336	0.600648
0.478665	0.051164	0.470171
0.309213	0.4529	0.237887
0.305026	0.61432	0.0806548
0.395926	0.153967	0.450107
0.59932	0.0982621	0.302418
0.2311	0.523464	0.245436
0.0689211	0.542847	0.388232
0.246306	0.499927	0.253767
0.121596	0.210667	0.667737
0.263928	0.132607	0.603465
0.112844	0.618809	0.268347
0.123892	0.328296	0.547812
0.417818	0.164869	0.417312
0.372472	0.0648742	0.562654
0.252347	0.339666	0.407987
0.157979	0.280602	0.561419
0.682957	0.194902	0.122141
0.183538	0.368528	0.447934
0.287451	0.348151	0.364398
0.199797	0.310604	0.489599
0.445835	0.146649	0.407516
0.226942	0.370324	0.402734
0.519899	0.231829	0.248272
0.359956	0.526663	0.113381
0.409223	0.0701716	0.520606
0.759097	0.180545	0.060358
0.181568	0.714619	0.103813
0.62538	0.118788	0.255832
0.049932	0.812911	0.137157
0.252608	0.572919	0.174473
0.667947	0.156732	0.17532
0.212903	0.379593	0.407503
0.494476	0.360661	0.144863
0.0480689	0.417575	0.534356
0.125755	0.49423	0.380014
0.194841	0.148267	0.656892
0.227682	0.413487	0.358831
0.0397239	0.267002	0.693274
0.0952025	0.328767	0.576031
0.194729	0.484266	0.321006
0.378424	0.314935	0.306641
0.278986	0.407372	0.313643
0.335948	0.319637	0.344415
0.579456	0.224769	0.195775
0.339689	0.513006	0.147305
0.563215	0.262376	0.174408
0.449008	0.458789	0.0922023
0.173985	0.375748	0.450267
0.14637	0.678075	0.175556
0.489911	0.399118	0.110971
0.203572	0.330206	0.466222
0.421722	0.26969	0.308588
0.509556	0.216878	0.273566
0.138538	0.724519	0.136942
0.143381	0.651555	0.205064
0.211467	0.18495	0.603583
0.377599	0.17566	0.44674
0.0765842	0.375752	0.547664
0.0834547	0.402994	0.513551
0.0194899	0.578601	0.401909
0.3227	0.313133	0.364167
0.271233	0.239951	0.488816
0.200339	0.259862	0.539799
0.275689	0.291629	0.432682
0.122315	0.423283	0.454401
0.256212	0.346691	0.397097
0.535837	0.15651	0.307653
0.32279	0.637023	0.0401863
0.264187	0.34741	0.388403
0.457934	0.0286849	0.513381
0.746795	0.0968309	0.156374
0.28604	0.4508	0.26316
0.0347705	0.220811	0.744418
0.0270368	0.458334	0.514629
0.594842	0.296306	0.108852
0.196336	0.657319	0.146345
0.647979	0.0832308	0.26879
0.22188	0.0590578	0.719062
0.389796	0.0434314	0.566772
0.481778	0.0622185	0.456003
0.302903	0.332447	0.36465
0.921214	0.0675719	0.0112138
0.239474	0.257287	0.503238
0.104479	0.573618	0.321903
0.749977	0.143582	0.106441
0.517319	0.242544	0.240137
0.166591	0.498427	0.334983
0.357646	0.334172	0.308182
0.334981	0.200904	0.464115
0.668496	0.0162435	0.31526
0.6199	0.0202819	0.359818
0.732351	0.132593	0.135056
0.514915	0.20894	0.276145
0.310711	0.588451	0.100838
0.0633494	0.467319	0.469332
0.542391	0.244535	0.213074
0.197149	0.388878	0.413973
0.268066	0.48323	0.248704
0.410496	0.200579	0.388925
0.550593	0.204959	0.244447
0.711349	0.233289	0.0553619
0.592108	0.237774	0.170118
0.258709	0.312178	0.429113
0.334341	0.577672	0.0879871
0.409263	0.211088	0.379649
0.389228	0.166171	0.444601
0.0876496	0.345475	0.566875
0.364149	0.0931608	0.54269
0.224141	0.251667	0.524192
0.363717	0.358992	0.277291
0.506043	0.41195	0.0820069
0.57755	0.121342	0.301108
0.106203	0.583689	0.310108
0.309476	0.518054	0.17247
0.338812	0.334461	0.326727
0.326534	0.41422	0.259246
0.405495	0.396998	0.197507
0.312263	0.183484	0.504253
0.0207645	0.289339	0.689897
0.527099	0.0899519	0.382949
0.506593	0.0225135	0.470893
0.0887127	0.548381	0.362906
0.257906	0.191618	0.550477
0.506676	0.362722	0.130602
0.073414	0.364328	0.562258
0.523281	0.430267	0.0464515
0.547342	0.185335	0.267323
0.535193	0.318987	0.14582
0.638947	0.0119149	0.349138
0.2647	0.419156	0.316145
0.202284	0.42173	0.375986
0.553697	0.0770122	0.369291
0.499392	0.41853	0.0820778
0.0663197	0.509417	0.424263
0.262401	0.43164	0.305959
0.103774	0.471522	0.424703
0.268208	0.684026	0.047766
0.124032	0.556095	0.319873
0.598298	0.117244	0.284457
0.281751	0.227156	0.491094
0.436963	0.162145	0.400892
0.283608	0.32565	0.390742
0.312639	0.630236	0.0571244
0.428754	0.469616	0.10163
0.506943	0.378448	0.11461
0.0867469	0.515227	0.398026
0.422589	0.117995	0.459416
0.46863	0.431182	0.100188
0.408623	0.489958	0.101419
0.127289	0.368249	0.504462
0.404668	0.524912	0.0704199
0.272265	0.38193	0.345805
0.39998	0.211963	0.388057
0.287403	0.194498	0.518099
0.410136	0.428993	0.160872
0.308986	0.0919169	0.599097
0.385389	0.257882	0.356729
0.395762	0.258825	0.345413
0.315035	0.511067	0.173898
0.0285731	0.450182	0.521245
0.290376	0.427804	0.28182
0.22378	0.228819	0.547401
0.564973	0.316603	0.118424
0.243563	0.546478	0.209959
0.673803	0.0808475	0.24535
0.230164	0.544512	0.225324
0.62407	0.277879	0.0980513
0.588595	0.353239	0.0581658
0.392986	0.167498	0.439516
0.517798	0.0630304	0.419172
0.267184	0.39738	0.335436
0.743782	0.114502	0.141716
0.0153342	0.346713	0.637953
0.452752	0.247237	0.300011
0.354882	0.293987	0.351131
0.0654713	0.523727	0.410801
0.130532	0.322029	0.547439
0.547588	0.195469	0.256943
0.0971924	0.224115	0.678693
0.175957	0.345484	0.478559
0.110515	0.684532	0.204954
0.390058	0.399891	0.21005
0.18239	0.570982	0.246628
0.625063	0.204373	0.170565
0.510237	0.296484	0.193279
0.220933	0.0733421	0.705725
0.331398	0.0851386	0.583464
0.227585	0.548946	0.223469
0.0808578	0.589807	0.329335
0.276332	0.221288	0.50238
0.481205	0.342293	0.176502
0.530006	0.10633	0.363664
0.443366	0.0200468	0.536587
0.430763	0.141869	0.427368
0.521045	0.426165	0.0527899
0.0601383	0.407336	0.532526
0.174441	0.175431	0.650127
0.442473	0.486043	0.0714834
0.38262	0.0688352	0.548544
0.101112	0.500605	0.398283
0.428242	0.0833843	0.488373
0.277336	0.35204	0.370624
0.556126	0.0888905	0.354983
0.113201	0.329369	0.55743
0.438445	0.114235	0.447319
0.53227	0.298164	0.169566
0.659012	0.00830698	0.332681
0.0225338	0.499803	0.477663
0.569357	0.196592	0.234052
0.229366	0.385591	0.385043
0.224395	0.471729	0.303876
0.315653	0.227501	0.456846
0.0133805	0.191108	0.795511
0.198509	0.361093	0.440397
0.0617855	0.338885	0.59933
0.321056	0.595151	0.0837936
0.387326	0.357447	0.255227
0.239545	0.324318	0.436137
0.714109	0.0195263	0.266365
0.238853	0.263511	0.497636
0.126597	0.851052	0.0223514
0.639741	0.0833347	0.276924
0.476152	0.330906	0.192942
0.495324	0.0981281	0.406548
0.401459	0.0199474	0.578594
0.449506	0.452793	0.0977008
0.506139	0.447191	0.0466691
0.131739	0.236237	0.632025
0.336054	0.553592	0.110355
0.147396	0.787224	0.0653796
0.476944	0.191675	0.331381
0.021303	0.48686	0.491837
0.115887	0.194716	0.689397
0.325645	0.21744	0.456915
0.452476	0.0644089	0.483115
0.364357	0.358144	0.2775
0.423686	0.282608	0.293706
0.520135	0.178813	0.301052
0.506194	0.247586	0.246219
0.196826	0.377527	0.425647
0.195515	0.582866	0.221619
0.441092	0.125704	0.433204
0.263065	0.277729	0.459207
0.240838	0.406399	0.352763
0.396124	0.0396641	0.564212
0.232148	0.207069	0.560782
0.5054	0.355025	0.139575
0.373156	0.417406	0.209438
0.246998	0.318013	0.434989
0.818958	0.148706	0.032336
0.490914	0.123555	0.385531
0.521399	0.274466	0.204135
0.355766	0.223272	0.420962
0.374886	0.391649	0.233465
0.332585	0.319667	0.347748
0.21438	0.466754	0.318865
0.0478903	0.423721	0.528389
0.213922	0.659815	0.126263
0.278056	0.253299	0.468645
0.451842	0.0922997	0.455858
0.175811	0.145521	0.678668
0.293263	0.563045	0.143692
0.182253	0.373778	0.443969
