0.287082	0.0373542	0.675564
0.125852	0.442045	0.432103
0.241735	0.400294	0.35797
0.509022	0.0950918	0.395886
0.136588	0.83926	0.024152
0.285119	0.410067	0.304814
0.104497	0.659378	0.236125
0.303862	0.473915	0.222223
0.477931	0.237737	0.284331
0.382525	0.117762	0.499713
0.238654	0.483475	0.277871
0.0500615	0.518296	0.431643
0.225206	0.419911	0.354883
0.279875	0.360858	0.359266
0.316402	0.555481	0.128117
0.557991	0.0693011	0.372708
0.227927	0.403359	0.368715
0.438759	0.376306	0.184935
0.296132	0.48499	0.218878
0.501843	0.379946	0.11821
0.458476	0.179091	0.362433
0.331238	0.427153	0.24161
0.46268	0.132289	0.405031
0.320743	0.346906	0.332351
0.628684	0.31499	0.0563261
0.566375	0.283169	0.150456
0.401803	0.249116	0.349081
0.269836	0.306938	0.423226
0.129844	0.659885	0.210272
0.609032	0.327992	0.062976
0.342481	0.0810412	0.576478
0.348241	0.329438	0.322321
0.175654	0.72949	0.0948565
0.451799	0.190292	0.357908
0.471055	0.427198	0.101746
0.162387	0.472414	0.365198
0.149083	0.5036	0.347317
0.470066	0.501279	0.028655
0.321912	0.400376	0.277713
0.6126	0.24075	0.146651
0.354755	0.550322	0.0949224
0.329907	0.234089	0.436004
0.164098	0.39225	0.443652
0.296876	0.498793	0.204331
0.274379	0.37279	0.352831
0.534228	0.214854	0.250918
0.287985	0.383529	0.328486
0.0258741	0.140023	0.834103
0.180157	0.645245	0.174599
0.567073	0.350274	0.0826528
0.181829	0.101057	0.717114
0.395042	0.28691	0.318048
0.153726	0.533994	0.31228
0.394302	0.492354	0.113344
0.364677	0.164875	0.470448
0.26021	0.473195	0.266595
0.447719	0.0130678	0.539213
0.132198	0.582127	0.285675
0.5351	0.353269	0.11163
0.287014	0.320313	0.392673
0.741099	0.0828771	0.176024
0.252028	0.614284	0.133688
0.282575	0.546305	0.171119
0.0507751	0.484208	0.465017
0.559444	0.0572988	0.383257
0.469435	0.43922	0.0913446
0.34934	0.119839	0.530821
0.127749	0.55799	0.314262
0.370292	0.224793	0.404915
0.404935	0.402909	0.192156
0.481689	0.138813	0.379498
0.0383784	0.390309	0.571313
0.32818	0.168068	0.503752
0.394746	0.296602	0.308652
0.44877	0.317531	0.233699
0.390121	0.257411	0.352469
0.251346	0.697161	0.0514929
0.400967	0.355858	0.243175
0.127157	0.694047	0.178796
0.568182	0.166311	0.265507
0.0710756	0.506303	0.422621
0.408799	0.424854	0.166347
0.295443	0.246918	0.45764
0.426017	0.384835	0.189148
0.285751	0.257983	0.456265
0.474446	0.371427	0.154127
0.410514	0.169026	0.42046
0.28675	0.569736	0.143514
0.281033	0.306563	0.412405
0.474661	0.480114	0.0452253
0.2224	0.445791	0.331809
0.0958951	0.0650393	0.839066
0.441758	0.233982	0.32426
0.261591	0.358207	0.380202
0.184922	0.425924	0.389155
0.0134576	0.816792	0.169751
0.646535	0.244546	0.108919
0.350874	0.484185	0.164941
0.124583	0.444823	0.430594
0.311718	0.25922	0.429063
0.650118	0.0121504	0.337732
0.144817	0.475118	0.380065
0.391025	0.470327	0.138648
0.31829	0.131259	0.550451
0.591775	0.0208395	0.387386
0.0520508	0.885986	0.0619634
0.58133	0.259167	0.159503
0.265628	0.482444	0.251928
0.0662082	0.183376	0.750415
0.473954	0.159555	0.366491
0.429878	0.0909534	0.479168
0.160998	0.185394	0.653608
0.314324	0.323447	0.362228
0.24494	0.336267	0.418792
0.486513	0.417544	0.095943
0.328443	0.278278	0.393279
0.355517	0.534332	0.110151
0.248178	0.643943	0.107878
0.486105	0.344819	0.169076
0.417296	0.133963	0.448741
0.41681	0.158685	0.424505
0.0703103	0.867334	0.0623562
0.340747	0.346664	0.312589
0.0415751	0.145816	0.812609
0.0940125	0.371861	0.534127
0.372688	0.215497	0.411815
0.342269	0.263689	0.394041
0.0186043	0.598998	0.382398
0.437508	0.532468	0.0300243
0.610784	0.0340522	0.355163
0.307171	0.263029	0.4298
0.191725	0.14126	0.667016
0.140454	0.462101	0.397444
0.213732	0.0896795	0.696589
0.255377	0.45891	0.285713
0.521353	0.0112105	0.467437
0.355015	0.284	0.360985
0.485915	0.0711059	0.442979
0.202466	0.45627	0.341264
0.0827345	0.486052	0.431214
0.491008	0.179206	0.329786
0.348018	0.219651	0.432331
0.488437	0.441538	0.0700252
0.135798	0.612998	0.251204
0.278415	0.339542	0.382043
0.0516752	0.165304	0.78302
0.224937	0.636533	0.13853
0.463706	0.44076	0.095535
0.262346	0.101525	0.636129
0.0401312	0.301115	0.658753
0.0800556	0.106798	0.813146
0.304701	0.415365	0.279934
0.405699	0.384788	0.209513
0.0760329	0.420699	0.503268
0.575275	0.165508	0.259218
0.107019	0.205697	0.687284
0.357207	0.126593	0.516201
0.217628	0.188295	0.594076
0.361212	0.393157	0.245631
0.153349	0.400442	0.446209
0.350484	0.333509	0.316007
0.450754	0.0457719	0.503474
0.436026	0.420761	0.143213
0.0371415	0.892191	0.0706673
0.443652	0.180327	0.376021
0.211241	0.765537	0.023222
0.757029	0.0584588	0.184512
0.218552	0.413903	0.367545
0.553405	0.0539001	0.392695
0.230997	0.267533	0.50147
0.0257308	0.326084	0.648185
0.336208	0.422166	0.241626
0.480353	0.376942	0.142705
0.0700507	0.835395	0.0945545
0.272078	0.425538	0.302384
0.411853	0.303213	0.284934
0.42335	0.394424	0.182226
0.43135	0.32076	0.24789
0.19954	0.298248	0.502212
0.346271	0.231714	0.422015
0.458457	0.195888	0.345656
0.0728437	0.411369	0.515787
0.379927	0.0998001	0.520273
0.455357	0.501002	0.0436402
0.264525	0.277152	0.458322
0.0369783	0.296726	0.666296
0.277897	0.489877	0.232226
0.646045	0.342672	0.0112831
0.579087	0.413442	0.0074709
0.143337	0.407238	0.449425
0.227221	0.341648	0.431131
0.445345	0.509766	0.0448885
0.176455	0.256636	0.566909
0.44464	0.280599	0.274762
0.365083	0.293011	0.341907
0.233106	0.102495	0.664399
0.387287	0.220096	0.392617
0.424967	0.267857	0.307176
0.273043	0.447931	0.279026
0.152721	0.644326	0.202953
0.420211	0.535061	0.0447273
0.411098	0.0373271	0.551575
0.54675	0.137628	0.315622
0.066569	0.440131	0.4933
0.184245	0.523812	0.291943
0.141875	0.359856	0.498269
0.562697	0.0720781	0.365225
0.53736	0.278539	0.184101
0.177961	0.165302	0.656737
0.249847	0.415405	0.334748
0.161001	0.266478	0.572521
0.0130645	0.428304	0.558631
0.272244	0.305485	0.422271
0.389534	0.217733	0.392733
0.29948	0.247137	0.453383
0.337618	0.448951	0.213432
0.396273	0.432687	0.17104
0.625031	0.260084	0.114885
0.286666	0.415931	0.297403
0.39916	0.213474	0.387367
0.299012	0.329363	0.371625
0.47591	0.429888	0.0942015
0.380816	0.304589	0.314595
0.364858	0.326861	0.308281
0.237798	0.473715	0.288487
0.395545	0.580859	0.0235959
0.513198	0.118787	0.368015
0.527144	0.0434171	0.429439
0.0744525	0.532558	0.392989
0.317024	0.373204	0.309772
0.101703	0.544537	0.35376
0.263697	0.420263	0.31604
0.053685	0.688667	0.257648
0.322865	0.404955	0.27218
0.45975	0.0147762	0.525473
0.152825	0.479141	0.368034
0.437891	0.111222	0.450886
0.0838515	0.205018	0.711131
0.294847	0.311885	0.393268
0.243355	0.37068	0.385965
0.374676	0.231588	0.393736
0.662462	0.265992	0.0715468
0.293402	0.395617	0.310981
0.431594	0.521875	0.0465309
0.148358	0.475067	0.376575
0.413678	0.316557	0.269764
0.497113	0.155667	0.34722
0.116866	0.270246	0.612888
0.368343	0.238286	0.393372
0.129449	0.42672	0.443831
0.579773	0.347849	0.072378
0.136907	0.45606	0.407033
0.413065	0.449155	0.137779
0.108798	0.418583	0.472618
0.328129	0.541257	0.130614
0.152191	0.0677636	0.780045
0.522431	0.201423	0.276146
0.120382	0.491856	0.387762
0.243035	0.552869	0.204096
0.176431	0.517286	0.306283
0.161697	0.379064	0.459239
0.160758	0.285681	0.553561
0.567976	0.0195192	0.412505
0.31192	0.41999	0.26809
0.35654	0.229949	0.413511
0.206145	0.185828	0.608027
0.538332	0.425156	0.0365117
0.300735	0.30215	0.397116
0.425384	0.234934	0.339682
0.543495	0.355479	0.101026
0.173018	0.432145	0.394837
0.515833	0.363341	0.120826
0.44016	0.088319	0.471521
0.448469	0.169206	0.382325
0.15779	0.613881	0.228329
0.317685	0.458957	0.223358
0.323585	0.396862	0.279552
0.217928	0.28073	0.501342
0.277723	0.359431	0.362845
0.379431	0.44682	0.17375
0.415402	0.449644	0.134954
0.195094	0.313885	0.491021
0.111986	0.447396	0.440619
0.535959	0.192266	0.271775
0.457784	0.428231	0.113985
0.164001	0.191563	0.644436
0.51118	0.0132388	0.475581
0.361406	0.25857	0.380024
0.403206	0.385664	0.21113
0.33677	0.594806	0.0684241
0.284765	0.291834	0.423401
0.380458	0.501107	0.118435
0.239571	0.562837	0.197592
0.0182959	0.615685	0.366019
0.298374	0.534378	0.167249
0.442218	0.204276	0.353506
0.168473	0.477935	0.353592
0.427216	0.189047	0.383737
0.338043	0.376439	0.285518
0.186109	0.620747	0.193144
0.0554889	0.769004	0.175507
0.291131	0.129081	0.579788
0.127773	0.258053	0.614174
0.555723	0.203135	0.241141
0.420595	0.479684	0.0997215
0.514289	0.0670315	0.41868
0.294449	0.355551	0.35
0.237258	0.269718	0.493024
0.261658	0.34425	0.394092
0.700323	0.100889	0.198788
0.453054	0.259898	0.287048
0.101599	0.488572	0.409829
0.254335	0.296069	0.449596
0.425999	0.304888	0.269113
0.744276	0.0336402	0.222084
0.249117	0.512822	0.23806
0.0218668	0.842792	0.135341
0.553314	0.213548	0.233138
0.494905	0.116137	0.388959
0.31414	0.309698	0.376162
0.221666	0.386511	0.391823
0.440464	0.100587	0.458949
0.185755	0.587935	0.22631
0.378243	0.230044	0.391713
0.536309	0.087303	0.376388
0.207635	0.117342	0.675024
0.478856	0.452592	0.0685521
0.540009	0.2101	0.249891
0.172133	0.481494	0.346373
0.267526	0.326583	0.405891
0.291278	0.294794	0.413929
0.152204	0.732692	0.115104
0.36529	0.178872	0.455838
0.473857	0.238304	0.28784
0.510979	0.0811081	0.407913
0.197985	0.463026	0.338989
0.373045	0.0959855	0.530969
0.287007	0.162598	0.550395
0.261934	0.374486	0.36358
0.38354	0.304413	0.312047
0.387921	0.265254	0.346825
0.230523	0.36852	0.400957
0.487673	0.130596	0.381731
0.341324	0.378328	0.280348
0.30274	0.228635	0.468625
0.788213	0.113769	0.0980173
0.0993833	0.305468	0.595148
0.325653	0.233619	0.440728
0.135196	0.39747	0.467334
0.14539	0.288808	0.565802
0.257963	0.420594	0.321443
0.661272	0.109371	0.229357
0.141869	0.825009	0.033122
0.608974	0.287731	0.103295
0.0744717	0.12321	0.802318
0.355359	0.608272	0.0363688
0.0231289	0.558804	0.418067
0.0365611	0.5168	0.446639
0.265712	0.64567	0.0886184
0.237262	0.148671	0.614067
0.144342	0.173147	0.682511
0.463575	0.478198	0.0582273
0.265966	0.529823	0.204212
0.275503	0.641281	0.0832165
0.285114	0.186318	0.528568
0.621757	0.327351	0.0508924
0.0559738	0.506904	0.437122
0.429248	0.37196	0.198791
0.367901	0.344326	0.287772
0.4813	0.305929	0.212772
0.723452	0.100353	0.176194
0.0284504	0.281651	0.689899
0.308827	0.322117	0.369056
0.0714468	0.455777	0.472776
0.379829	0.136462	0.483709
0.173321	0.48365	0.343029
0.0419441	0.416472	0.541584
0.18368	0.525177	0.291142
0.10142	0.315984	0.582596
0.375492	0.0746696	0.549839
0.431902	0.368511	0.199587
0.508834	0.153524	0.337642
0.337482	0.333043	0.329476
0.466442	0.153876	0.379682
0.0738244	0.249907	0.676268
0.0941876	0.775404	0.130408
0.0549601	0.482369	0.46267
0.298841	0.321394	0.379765
0.331055	0.595366	0.0735782
0.311189	0.44789	0.240921
0.293124	0.245374	0.461503
0.114623	0.679809	0.205568
0.684437	0.234103	0.0814596
0.0344518	0.937058	0.0284903
0.651309	0.061203	0.287488
0.488341	0.0599207	0.451739
0.157803	0.439754	0.402442
0.749173	0.1308	0.120027
0.53029	0.143435	0.326275
0.241966	0.447247	0.310787
0.2821	0.0712696	0.646631
0.108168	0.517019	0.374813
0.589271	0.348399	0.0623305
0.0985502	0.217169	0.684281
0.0882872	0.323824	0.587889
0.39885	0.276621	0.324529
0.45989	0.445458	0.0946516
0.441894	0.0370566	0.521049
0.138456	0.456505	0.405039
0.438982	0.423851	0.137167
0.324174	0.183018	0.492807
0.269538	0.14731	0.583151
0.681065	0.0730758	0.245859
0.545543	0.44202	0.0124368
0.130917	0.542032	0.327051
0.409855	0.17365	0.416496
0.344773	0.414673	0.240554
0.373393	0.183159	0.443448
0.354025	0.392873	0.253102
0.0448903	0.426107	0.529002
0.388068	0.160298	0.451634
0.397774	0.217696	0.38453
0.37979	0.141466	0.478743
0.300654	0.243999	0.455347
0.455387	0.224279	0.320334
0.459357	0.306286	0.234358
0.541524	0.355638	0.102838
0.418621	0.0560846	0.525294
0.485971	0.327778	0.18625
0.283119	0.351709	0.365172
0.310328	0.0343868	0.655285
0.0491387	0.610677	0.340184
0.45643	0.187208	0.356362
0.467475	0.104498	0.428028
0.483209	0.180801	0.33599
0.314768	0.395649	0.289583
0.355242	0.354497	0.290261
0.493137	0.49475	0.0121135
0.403857	0.437323	0.158821
0.285136	0.480782	0.234082
0.501854	0.310011	0.188135
0.215743	0.458296	0.325962
0.0946499	0.56812	0.33723
0.149243	0.431638	0.419118
0.477337	0.156826	0.365838
0.466547	0.13623	0.397224
0.404828	0.224309	0.370864
0.361518	0.322308	0.316173
0.507511	0.356915	0.135575
0.278422	0.335529	0.386048
0.240461	0.386222	0.373318
0.411388	0.315019	0.273593
0.326214	0.403422	0.270364
0.234266	0.480734	0.285
0.268678	0.41331	0.318011
0.443921	0.505962	0.0501167
0.204754	0.777651	0.017595
0.134453	0.268787	0.59676
0.418682	0.119163	0.462156
0.472201	0.294782	0.233017
0.404942	0.533577	0.0614808
0.59928	0.321722	0.0789978
0.389124	0.447251	0.163625
0.701414	0.110273	0.188314
0.260391	0.292917	0.446692
0.635558	0.327618	0.0368232
0.0906254	0.418076	0.491298
0.55357	0.184043	0.262386
0.164757	0.550749	0.284494
0.0532095	0.147569	0.799221
0.182876	0.697893	0.11923
0.402924	0.234267	0.362809
0.452913	0.158491	0.388596
0.304154	0.560391	0.135454
0.419277	0.254652	0.326071
0.389964	0.241511	0.368525
0.644816	0.19325	0.161934
0.107746	0.648358	0.243896
0.436809	0.427611	0.13558
0.286717	0.488388	0.224895
0.708223	0.213405	0.0783718
0.344934	0.226509	0.428557
0.0127359	0.467795	0.519469
0.389552	0.537042	0.0734062
0.408653	0.332097	0.25925
0.19331	0.579666	0.227024
0.308228	0.355008	0.336763
0.0771921	0.423186	0.499622
0.480399	0.0276952	0.491906
0.350483	0.2445	0.405017
0.15572	0.522676	0.321604
0.14256	0.45694	0.4005
0.602626	0.0756735	0.3217
0.108242	0.646705	0.245053
0.247497	0.247483	0.50502
0.0522357	0.631246	0.316519
0.604699	0.0763886	0.318912
0.293144	0.513869	0.192987
0.137035	0.399979	0.462986
0.553309	0.0210548	0.425636
0.032708	0.454684	0.512608
0.275965	0.265763	0.458272
0.309551	0.596859	0.0935901
0.433855	0.385581	0.180564
0.617684	0.176524	0.205792
0.0448279	0.336501	0.618671
0.23196	0.371226	0.396815
0.484605	0.168437	0.346958
0.359987	0.390985	0.249028
0.435887	0.288129	0.275984
0.295644	0.355613	0.348742
0.567301	0.3865	0.046199
0.750006	0.094018	0.155976
0.539794	0.0973962	0.36281
0.657817	0.102731	0.239452
0.590957	0.391123	0.0179202
0.716188	0.157175	0.126637
0.552496	0.304715	0.14279
0.116598	0.347107	0.536295
0.587221	0.269875	0.142903
0.343329	0.299014	0.357658
0.446913	0.0312282	0.521859
0.249049	0.455413	0.295538
0.0212452	0.233465	0.74529
0.272568	0.48505	0.242381
0.269354	0.595367	0.135279
0.134852	0.376574	0.488574
0.214496	0.474737	0.310767
0.179554	0.456846	0.3636
0.24555	0.218958	0.535492
0.0271957	0.815432	0.157372
0.223225	0.288259	0.488517
0.298663	0.36746	0.333878
0.0929701	0.497309	0.409721
0.245335	0.561391	0.193274
0.392872	0.256114	0.351014
0.205063	0.262308	0.532629
0.294481	0.394783	0.310737
0.37133	0.0148387	0.613831
0.395671	0.571085	0.0332439
0.373772	0.12198	0.504248
0.30131	0.35803	0.340661
0.291901	0.32549	0.382609
0.398914	0.0696106	0.531476
0.405858	0.208813	0.385329
0.197898	0.0710067	0.731096
0.249205	0.248369	0.502426
0.753628	0.130762	0.11561
0.333541	0.103988	0.562471
0.354855	0.346179	0.298966
0.673403	0.173668	0.152929
0.509566	0.366306	0.124128
0.0759281	0.680259	0.243813
0.0134974	0.2899	0.696602
0.258437	0.570438	0.171124
0.355825	0.507863	0.136312
0.0261351	0.598541	0.375324
0.3181	0.443611	0.238289
0.0601819	0.473303	0.466515
0.233423	0.533569	0.233008
0.203864	0.450735	0.345401
0.378888	0.153651	0.467461
0.349105	0.439222	0.211673
0.03572	0.303024	0.661256
0.532471	0.0957928	0.371736
0.553476	0.124697	0.321827
0.474485	0.0387609	0.486754
0.424169	0.554349	0.0214823
0.396318	0.358289	0.245393
0.268812	0.289361	0.441828
0.622055	0.0358242	0.342121
0.367009	0.0918628	0.541128
0.602377	0.0519025	0.345721
0.243589	0.378104	0.378307
0.218732	0.545239	0.23603
0.424542	0.114957	0.460501
0.233137	0.236915	0.529947
0.278115	0.484019	0.237865
0.226915	0.274126	0.498959
0.473326	0.102121	0.424553
0.260928	0.450603	0.28847
0.251069	0.365471	0.38346
0.486394	0.504637	0.00896889
0.0219563	0.489661	0.488383
0.53255	0.241925	0.225525
0.547439	0.255436	0.197125
0.582121	0.156339	0.261539
0.279619	0.416063	0.304318
0.347333	0.294419	0.358249
0.522092	0.226697	0.251211
0.533681	0.133268	0.333051
0.473732	0.0270799	0.499189
0.497502	0.431174	0.0713237
0.602267	0.304576	0.0931571
0.373019	0.488861	0.13812
0.392402	0.455048	0.152549
0.196229	0.719388	0.0843838
0.506884	0.435881	0.0572348
0.230201	0.300097	0.469702
0.441444	0.219065	0.33949
0.572992	0.374581	0.0524269
0.233564	0.396732	0.369704
0.397293	0.227312	0.375395
0.254119	0.656477	0.0894047
0.272899	0.286264	0.440837
0.500196	0.117174	0.38263
0.440401	0.279681	0.279918
0.358599	0.35697	0.284431
0.477302	0.273789	0.248908
0.096469	0.483568	0.419963
0.352389	0.314225	0.333386
0.454766	0.0852615	0.459972
0.143656	0.414464	0.44188
0.223412	0.526883	0.249705
0.0753447	0.394231	0.530425
0.713253	0.250482	0.0362646
0.273249	0.468444	0.258307
0.393559	0.258797	0.347644
0.0855849	0.548068	0.366348
0.55853	0.385748	0.055722
0.40339	0.134596	0.462014
0.13505	0.322221	0.542729
0.457648	0.251805	0.290547
0.346381	0.502378	0.151241
0.604992	0.376821	0.0181873
0.53547	0.243167	0.221362
0.471054	0.509706	0.0192404
0.605725	0.386499	0.00777593
0.349638	0.435055	0.215307
0.283231	0.449918	0.26685
0.449602	0.401398	0.149
0.338597	0.492919	0.168484
0.845511	0.0402252	0.114264
0.382088	0.324352	0.29356
0.526593	0.01268	0.460727
0.431171	0.122462	0.446367
0.257207	0.166018	0.576775
0.392314	0.322519	0.285167
0.17037	0.645183	0.184446
0.0663955	0.600485	0.33312
0.452199	0.374161	0.17364
0.38108	0.356011	0.26291
0.463927	0.287885	0.248188
0.331736	0.327779	0.340485
0.251863	0.373511	0.374626
0.138774	0.469448	0.391778
0.288494	0.389612	0.321893
0.557218	0.208782	0.234001
0.45189	0.0494708	0.498639
0.836253	0.139107	0.0246403
0.193244	0.67497	0.131787
0.499141	0.258018	0.242841
0.504692	0.134713	0.360595
0.307031	0.643118	0.0498515
0.428788	0.190665	0.380547
0.149875	0.361215	0.48891
0.559925	0.133569	0.306506
0.11981	0.253612	0.626578
0.352953	0.188542	0.458505
0.650179	0.246944	0.102877
0.441829	0.179403	0.378768
0.496487	0.165573	0.33794
0.046259	0.63691	0.316831
0.0202867	0.587147	0.392567
0.344949	0.104737	0.550313
0.265575	0.356281	0.378143
0.0494371	0.279759	0.670804
0.370511	0.302989	0.3265
0.39567	0.182564	0.421767
0.341073	0.159511	0.499416
0.393355	0.117198	0.489447
0.246132	0.378247	0.375621
0.77562	0.148282	0.0760975
0.39924	0.32177	0.27899
0.456648	0.31153	0.231822
0.372854	0.0785945	0.548551
0.322605	0.60747	0.0699255
0.640935	0.3364	0.0226652
0.27975	0.421323	0.298927
0.347855	0.243295	0.40885
0.0183306	0.381152	0.600518
0.36837	0.265485	0.366146
0.200612	0.670274	0.129114
0.181814	0.230177	0.588009
0.243641	0.202914	0.553445
0.105411	0.500505	0.394085
0.403895	0.151496	0.444609
0.0643986	0.317377	0.618224
0.651002	0.102965	0.246033
0.271595	0.225509	0.502896
0.531995	0.0183564	0.449648
0.851602	0.0623786	0.0860197
0.194877	0.314766	0.490357
0.0360885	0.383021	0.580891
0.251639	0.244716	0.503644
0.022134	0.488689	0.489177
0.388772	0.439284	0.171944
0.378855	0.0448606	0.576284
0.262503	0.346443	0.391054
0.182462	0.406467	0.411071
0.0254009	0.859112	0.115488
0.477955	0.297021	0.225024
0.234885	0.368715	0.3964
0.269204	0.707329	0.0234678
0.349096	0.166122	0.484782
0.152076	0.658232	0.189692
0.498314	0.462885	0.0388004
0.177228	0.474268	0.348503
0.179611	0.615738	0.204651
0.158632	0.398103	0.443265
0.415929	0.501925	0.0821467
0.435098	0.225576	0.339326
0.326732	0.365409	0.307859
0.600853	0.0669408	0.332207
0.309763	0.182334	0.507903
0.38454	0.266925	0.348535
0.353897	0.589681	0.0564218
0.258785	0.398557	0.342658
0.321969	0.61793	0.0601014
0.525437	0.0737963	0.400766
0.219707	0.613306	0.166988
0.390589	0.226669	0.382742
0.497017	0.215628	0.287355
0.3551	0.279997	0.364903
0.336343	0.595096	0.0685615
0.174248	0.356212	0.46954
0.204465	0.380155	0.41538
0.379134	0.528019	0.0928468
0.267347	0.0981521	0.634501
0.595174	0.297666	0.107159
0.240773	0.340125	0.419101
0.144946	0.33117	0.523884
0.429837	0.439393	0.13077
0.260636	0.206698	0.532666
0.290384	0.261326	0.44829
0.405235	0.258311	0.336454
0.266227	0.234138	0.499635
0.074458	0.453543	0.471999
0.209829	0.373521	0.41665
0.0317141	0.816589	0.151696
0.463681	0.27029	0.266029
0.149656	0.600328	0.250016
0.383696	0.177741	0.438563
0.287742	0.386868	0.32539
0.228697	0.522794	0.248509
0.082274	0.458369	0.459357
0.28802	0.25431	0.45767
0.0179665	0.515695	0.466338
0.298019	0.527668	0.174312
0.674979	0.0792031	0.245818
0.433291	0.55004	0.0166688
0.163996	0.778164	0.0578403
0.0146773	0.648396	0.336927
0.273393	0.177642	0.548965
0.373791	0.322739	0.30347
0.167215	0.428175	0.40461
0.435371	0.333773	0.230856
0.377749	0.553059	0.0691918
0.334644	0.10819	0.557165
0.360616	0.37086	0.268524
0.331765	0.200789	0.467446
0.350371	0.261202	0.388427
0.236822	0.296701	0.466477
0.0470835	0.440523	0.512394
0.282241	0.548048	0.169711
0.178294	0.123098	0.698608
0.175299	0.427393	0.397308
0.223187	0.45993	0.316883
0.405066	0.196542	0.398392
0.0308892	0.389001	0.580109
0.099165	0.451622	0.449213
0.0470242	0.507728	0.445248
0.228442	0.434177	0.337381
0.343641	0.36183	0.294529
0.12136	0.402705	0.475935
0.534246	0.425001	0.0407528
0.2515	0.146663	0.601837
0.560462	0.395355	0.0441837
0.494798	0.28113	0.224072
0.0481682	0.615679	0.336152
0.10226	0.367898	0.529843
0.347095	0.313419	0.339486
0.216276	0.272588	0.511136
0.401308	0.273901	0.32479
0.468351	0.0696446	0.462005
0.39091	0.353306	0.255784
0.475801	0.476069	0.0481297
0.457964	0.316361	0.225675
0.692451	0.254411	0.0531379
0.46745	0.0189469	0.513603
0.343254	0.226428	0.430318
0.397866	0.173863	0.428271
0.303158	0.332416	0.364427
0.22166	0.167325	0.611015
0.225863	0.0972602	0.676877
0.180068	0.573092	0.24684
0.364295	0.258282	0.377422
0.406199	0.478579	0.115223
0.352138	0.397431	0.250431
0.614871	0.101725	0.283404
0.360492	0.313258	0.32625
0.355862	0.172209	0.471929
0.336844	0.338147	0.325009
0.348203	0.270581	0.381216
0.43529	0.52958	0.0351301
0.194967	0.407639	0.397394
0.558456	0.426768	0.014776
0.82229	0.131737	0.045973
0.256313	0.532918	0.210769
0.0377305	0.484755	0.477514
0.208554	0.172691	0.618755
0.261164	0.472683	0.266153
0.675199	0.121421	0.203379
0.260479	0.164701	0.57482
0.580862	0.281969	0.137169
0.362974	0.377386	0.259641
0.194802	0.562934	0.242264
0.445069	0.417082	0.13785
0.447224	0.535467	0.017309
0.0750101	0.518193	0.406797
0.613541	0.233053	0.153406
0.405825	0.265147	0.329028
0.477451	0.391274	0.131274
0.588031	0.145987	0.265982
0.367016	0.458845	0.174138
0.125047	0.723881	0.151073
0.241443	0.473486	0.285072
0.3791	0.495391	0.125509
0.276204	0.479932	0.243864
0.174803	0.358291	0.466906
0.221264	0.322773	0.455963
0.145001	0.387137	0.467861
0.354658	0.498301	0.147041
0.105896	0.471949	0.422155
0.342156	0.315012	0.342832
0.352551	0.135496	0.511952
0.396113	0.321955	0.281932
0.232968	0.309513	0.457519
0.292277	0.587391	0.120331
0.0131927	0.560729	0.426079
0.366402	0.0708768	0.562721
0.416606	0.351485	0.231908
0.088133	0.449618	0.462248
0.0747079	0.166136	0.759156
0.0709489	0.471094	0.457957
0.114325	0.0779761	0.807698
0.287172	0.634339	0.0784892
0.0710693	0.680168	0.248763
0.606019	0.197161	0.19682
0.492356	0.127516	0.380129
0.368054	0.259943	0.372004
0.352323	0.414432	0.233245
0.23877	0.286047	0.475183
0.210473	0.62128	0.168248
0.405574	0.106735	0.487692
0.243347	0.4494	0.307252
0.339905	0.387527	0.272568
0.506394	0.297635	0.195971
0.317765	0.329247	0.352988
0.385753	0.461772	0.152475
0.50375	0.251452	0.244798
0.332932	0.343816	0.323252
0.220045	0.255918	0.524037
0.0457879	0.540918	0.413294
0.269642	0.296492	0.433865
0.115751	0.144462	0.739786
0.474845	0.402552	0.122604
0.419938	0.1712	0.408862
0.158257	0.324213	0.51753
0.356797	0.302443	0.34076
0.142943	0.731428	0.125629
0.0324021	0.53641	0.431187
0.391879	0.291843	0.316278
0.0647608	0.0811475	0.854092
0.355819	0.55425	0.0899309
0.737124	0.147384	0.115492
0.432967	0.350312	0.216721
0.570279	0.0257551	0.403966
0.311194	0.617015	0.0717915
0.310447	0.229204	0.460349
0.373659	0.318544	0.307796
0.155641	0.392249	0.45211
0.611459	0.102328	0.286213
0.33397	0.2931	0.37293
0.0113235	0.233815	0.754862
0.440664	0.124921	0.434415
0.210332	0.402952	0.386716
0.540724	0.322805	0.136471
0.277757	0.339322	0.382921
0.334484	0.215563	0.449953
0.0810913	0.202601	0.716308
0.279283	0.182405	0.538312
0.567196	0.348715	0.08409
0.506354	0.0789268	0.414719
0.583022	0.0989638	0.318014
0.428759	0.531139	0.040102
0.53093	0.170014	0.299056
0.510965	0.368541	0.120494
0.354896	0.103094	0.54201
0.507157	0.192792	0.300052
0.274734	0.350187	0.375079
0.216882	0.39512	0.387997
0.360392	0.155828	0.48378
0.435197	0.522163	0.0426404
0.33281	0.373084	0.294105
0.663151	0.143774	0.193075
0.519061	0.26508	0.215859
0.474121	0.26353	0.262349
0.1876	0.251163	0.561236
0.436032	0.322239	0.241729
0.419269	0.558609	0.0221218
0.0152465	0.586294	0.398459
0.322172	0.431143	0.246684
0.160658	0.300412	0.53893
0.177715	0.187055	0.63523
0.282979	0.595784	0.121237
0.22186	0.138408	0.639732
0.0091022	0.546501	0.444397
0.0874897	0.575598	0.336913
0.0660393	0.193555	0.740406
0.0323551	0.242755	0.72489
0.48075	0.359734	0.159516
0.848705	0.123241	0.0280535
0.397621	0.356206	0.246173
0.315029	0.264077	0.420893
0.224543	0.409058	0.366399
0.438512	0.22663	0.334858
0.0970363	0.254908	0.648055
0.482828	0.346191	0.170981
0.295655	0.429547	0.274798
0.537298	0.06509	0.397612
0.489335	0.332515	0.17815
0.34222	0.13442	0.52336
0.752106	0.0735481	0.174346
0.176715	0.645494	0.177791
0.254876	0.257506	0.487618
0.536589	0.222691	0.24072
0.292063	0.314169	0.393767
0.346005	0.301935	0.35206
0.317412	0.424719	0.257869
0.0445523	0.491856	0.463592
0.255854	0.617776	0.126369
0.266433	0.359546	0.374021
0.563015	0.0500061	0.386979
0.500886	0.408527	0.090587
0.409013	0.503642	0.0873446
0.384188	0.154879	0.460933
0.495554	0.243988	0.260458
0.369885	0.148758	0.481358
0.350688	0.331314	0.317999
0.0853155	0.707652	0.207033
0.241841	0.672997	0.0851612
0.376095	0.381842	0.242063
0.426653	0.201625	0.371721
0.665903	0.153813	0.180284
0.252642	0.243089	0.504268
0.315403	0.344961	0.339636
0.150854	0.521133	0.328013
0.291006	0.648891	0.0601028
0.635141	0.077874	0.286985
0.772765	0.162919	0.0643155
0.53164	0.343955	0.124405
0.369156	0.436427	0.194417
0.121224	0.453915	0.424861
0.0426664	0.647653	0.309681
0.438898	0.273711	0.287391
0.225306	0.390425	0.384269
0.350554	0.307023	0.342423
0.216694	0.398221	0.385085
0.331751	0.207273	0.460976
0.519776	0.19602	0.284204
0.0590705	0.470686	0.470243
0.553411	0.372758	0.073831
0.321823	0.442922	0.235255
0.22511	0.395288	0.379602
0.346736	0.369584	0.283679
0.50952	0.291487	0.198993
0.071072	0.520152	0.408776
0.521082	0.309143	0.169775
0.34614	0.343671	0.310189
0.505914	0.145684	0.348402
0.146364	0.673089	0.180547
0.542799	0.3045	0.152701
0.25295	0.498472	0.248578
0.153871	0.514783	0.331346
0.534733	0.210156	0.255111
0.472627	0.117062	0.410311
0.31379	0.229992	0.456217
0.349606	0.380623	0.269772
0.213152	0.499661	0.287188
0.184116	0.365026	0.450858
0.368356	0.302717	0.328928
0.410281	0.266122	0.323597
0.456128	0.240219	0.303652
0.408607	0.555472	0.0359214
0.513755	0.216733	0.269512
0.165272	0.424516	0.410212
0.840778	0.0857697	0.0734522
0.283308	0.388028	0.328665
0.118398	0.461192	0.420411
