0.35616	0.142083	0.501757
0.0229034	0.524249	0.452848
0.480368	0.441408	0.0782238
0.455488	0.466358	0.0781538
0.204988	0.445986	0.349026
0.215672	0.43086	0.353467
0.396402	0.346362	0.257236
0.525622	0.230078	0.2443
0.414633	0.280737	0.30463
0.32388	0.379479	0.296641
0.176864	0.364704	0.458432
0.327588	0.643474	0.028938
0.142998	0.432138	0.424864
0.529477	0.407046	0.0634771
0.30669	0.478473	0.214837
0.208407	0.381095	0.410498
0.40486	0.357395	0.237745
0.430089	0.177213	0.392698
0.176743	0.34597	0.477286
0.373558	0.448893	0.177549
0.398596	0.403639	0.197766
0.309129	0.232112	0.458759
0.195005	0.259016	0.54598
0.59647	0.263918	0.139611
0.227712	0.391742	0.380547
0.578019	0.118996	0.302984
0.41189	0.0405817	0.547528
0.361906	0.369151	0.268943
0.230981	0.385279	0.38374
0.537906	0.445716	0.016378
0.100999	0.422617	0.476385
0.0445483	0.176817	0.778635
0.391207	0.182881	0.425911
0.332429	0.646494	0.0210771
0.166698	0.326347	0.506955
0.574541	0.408651	0.0168078
0.159163	0.465823	0.375015
0.636228	0.0844743	0.279298
0.0688393	0.512792	0.418369
0.35707	0.348668	0.294263
0.0818577	0.22424	0.693902
0.0960398	0.40522	0.498741
0.592374	0.164043	0.243583
0.0313879	0.120572	0.84804
0.149927	0.396712	0.45336
0.409325	0.156424	0.434252
0.371937	0.368464	0.259598
0.44604	0.141887	0.412074
0.23003	0.641946	0.128024
0.373248	0.300989	0.325763
0.187639	0.103492	0.708869
0.52221	0.275153	0.202637
0.430005	0.278874	0.291121
0.454696	0.357536	0.187768
0.0942695	0.0720944	0.833636
0.48036	0.482718	0.0369228
0.274596	0.321878	0.403527
0.211232	0.2602	0.528568
0.274032	0.51811	0.207859
0.167686	0.25877	0.573543
0.186355	0.321553	0.492092
0.211482	0.188327	0.600191
0.332267	0.327122	0.340611
0.57438	0.2108	0.214821
0.434776	0.348651	0.216573
0.443996	0.248149	0.307856
0.374906	0.508559	0.116535
0.642498	0.025615	0.331887
0.306428	0.252496	0.441076
0.3674	0.393183	0.239417
0.403659	0.299742	0.296599
0.212637	0.0663759	0.720987
0.172073	0.415434	0.412493
0.419859	0.545724	0.0344178
0.395503	0.256206	0.34829
0.0250929	0.498777	0.47613
0.501027	0.199603	0.29937
0.469492	0.332719	0.197789
0.322206	0.418634	0.259161
0.533482	0.377786	0.0887321
0.399106	0.280786	0.320108
0.0707492	0.544343	0.384908
0.44672	0.201419	0.35186
0.32435	0.380193	0.295457
0.360788	0.399033	0.24018
0.287645	0.173288	0.539067
0.379346	0.359545	0.261109
0.288504	0.414028	0.297468
0.115189	0.167804	0.717007
0.360389	0.27923	0.360381
0.584705	0.40445	0.0108449
0.212068	0.250424	0.537509
0.614626	0.158384	0.22699
0.295648	0.242926	0.461425
0.0697284	0.647014	0.283258
0.317508	0.0277992	0.654693
0.395658	0.393457	0.210885
0.520715	0.251687	0.227598
0.111291	0.376949	0.51176
0.20434	0.270699	0.524961
0.412187	0.468211	0.119603
0.0746898	0.142825	0.782485
0.379112	0.588519	0.0323689
0.193109	0.370733	0.436158
0.1637	0.520122	0.316178
0.264602	0.340011	0.395387
0.361159	0.514621	0.12422
0.194821	0.50686	0.298318
0.321899	0.545028	0.133073
0.301361	0.416678	0.281961
0.0118051	0.430159	0.558036
0.195437	0.545926	0.258637
0.421994	0.178908	0.399098
0.0993219	0.411592	0.489087
0.419101	0.103834	0.477065
0.434818	0.199364	0.365818
0.422186	0.477867	0.0999467
0.164523	0.518651	0.316826
0.142998	0.572154	0.284848
0.359277	0.305059	0.335664
0.370644	0.424127	0.205229
0.426543	0.303305	0.270152
0.49516	0.13591	0.36893
0.0880127	0.449706	0.462282
0.356956	0.458115	0.184929
0.378397	0.173308	0.448295
0.368885	0.54238	0.088736
0.32141	0.503888	0.174702
0.293327	0.0301498	0.676523
0.0342112	0.514936	0.450853
0.179716	0.354293	0.465991
0.517261	0.0769071	0.405832
0.0952053	0.469732	0.435063
0.191122	0.409548	0.399331
0.426397	0.330395	0.243208
0.606659	0.180354	0.212987
0.17431	0.472839	0.352851
0.45621	0.293466	0.250324
0.311292	0.0938983	0.59481
0.0681504	0.2689	0.66295
0.43584	0.264996	0.299164
0.289217	0.241291	0.469492
0.437659	0.0592437	0.503098
0.424824	0.214151	0.361025
0.224182	0.558162	0.217655
0.313803	0.240228	0.44597
0.217805	0.389827	0.392368
0.129495	0.376864	0.493641
0.416452	0.252755	0.330794
0.317507	0.424759	0.257734
0.286657	0.319112	0.394232
0.099781	0.3805	0.519719
0.366289	0.230081	0.403629
0.448348	0.340307	0.211346
0.191644	0.742566	0.0657896
0.196938	0.26314	0.539922
0.303269	0.685443	0.0112887
0.160249	0.185294	0.654456
0.204562	0.304931	0.490508
0.333073	0.075915	0.591012
0.198228	0.378076	0.423695
0.451362	0.0492895	0.499348
0.570495	0.021299	0.408206
0.242662	0.199428	0.557909
0.0616718	0.86139	0.0769385
0.0451245	0.522982	0.431893
0.288424	0.629922	0.0816546
0.147038	0.188427	0.664535
0.280754	0.30597	0.413277
0.694665	0.0275753	0.27776
0.0676484	0.657328	0.275023
0.0664418	0.456547	0.477011
0.317755	0.447635	0.23461
0.178646	0.338043	0.483311
0.490683	0.347176	0.162141
0.0564456	0.456076	0.487478
0.218114	0.419002	0.362884
0.368914	0.489048	0.142038
0.782703	0.172985	0.0443124
0.232971	0.400916	0.366113
0.349649	0.412916	0.237435
0.10999	0.282705	0.607305
0.0307815	0.416607	0.552611
0.173564	0.577576	0.24886
0.580934	0.0326875	0.386378
0.106881	0.490782	0.402338
0.21975	0.305035	0.475215
0.778043	0.0385305	0.183427
0.310498	0.554461	0.135042
0.355988	0.495807	0.148205
0.308643	0.272465	0.418892
0.32261	0.504669	0.172721
0.483073	0.257634	0.259293
0.410918	0.471189	0.117894
0.409979	0.275472	0.314549
0.356351	0.326421	0.317228
0.115263	0.450793	0.433944
0.378097	0.273325	0.348578
0.0935491	0.518411	0.38804
0.0697879	0.2088	0.721412
0.571017	0.167361	0.261622
0.553245	0.0553545	0.3914
0.211046	0.0296995	0.759255
0.384644	0.51263	0.102726
0.241623	0.380614	0.377763
0.376477	0.440436	0.183087
0.443374	0.456781	0.0998457
0.111633	0.691855	0.196512
0.154373	0.777623	0.0680045
0.500528	0.270809	0.228663
0.381443	0.0646471	0.55391
0.570922	0.381818	0.0472597
0.277682	0.198069	0.524249
0.351888	0.607558	0.040554
0.449428	0.539118	0.0114542
0.440878	0.401949	0.157172
0.371617	0.15988	0.468503
0.0305223	0.594909	0.374569
0.355861	0.384039	0.2601
0.144945	0.393279	0.461775
0.34088	0.524427	0.134694
0.560348	0.178262	0.26139
0.0865657	0.780599	0.132836
0.278462	0.302142	0.419396
0.543629	0.338627	0.117744
0.124827	0.491651	0.383522
0.517906	0.219079	0.263015
0.328063	0.0814001	0.590537
0.511949	0.341932	0.146119
0.136436	0.220381	0.643183
0.766038	0.151354	0.0826076
0.784694	0.0434595	0.171847
0.276732	0.360479	0.362789
0.175912	0.215567	0.608522
0.0615582	0.660382	0.27806
0.413128	0.286394	0.300478
0.171564	0.311813	0.516623
0.0492299	0.678627	0.272143
0.0435079	0.468234	0.488258
0.229622	0.405279	0.365099
0.433322	0.0569942	0.509684
0.505896	0.249585	0.24452
0.41066	0.392571	0.19677
0.663057	0.0986455	0.238298
0.0635425	0.233479	0.702978
0.39396	0.2517	0.35434
0.336223	0.188824	0.474953
0.0620878	0.62725	0.310662
0.303648	0.349159	0.347193
0.540177	0.186275	0.273549
0.346961	0.450537	0.202502
0.691876	0.0791027	0.229022
0.488121	0.194028	0.317852
0.462607	0.421451	0.115942
0.0425838	0.418615	0.538801
0.105456	0.364403	0.530141
0.554521	0.0879243	0.357555
0.610638	0.150585	0.238777
0.370903	0.255316	0.373781
0.310817	0.142164	0.547019
0.349092	0.328178	0.322729
0.103734	0.515206	0.38106
0.22162	0.0229488	0.755431
0.427016	0.324658	0.248325
0.283121	0.472519	0.24436
0.460372	0.0997519	0.439876
0.343668	0.285872	0.370461
0.174161	0.668067	0.157772
0.179054	0.651874	0.169072
0.306328	0.53044	0.163232
0.326425	0.317432	0.356142
0.260933	0.494315	0.244752
0.763027	0.192818	0.0441549
0.594035	0.335895	0.0700691
0.259411	0.652265	0.088324
0.339246	0.206517	0.454237
0.0548767	0.0813247	0.863799
0.347646	0.261065	0.391288
0.54573	0.219731	0.234539
0.593612	0.039708	0.36668
0.0803789	0.216132	0.703489
0.487047	0.230577	0.282376
0.0772782	0.245065	0.677657
0.265734	0.104586	0.629679
0.294122	0.590368	0.11551
0.13955	0.722452	0.137998
0.408481	0.334191	0.257328
0.0656757	0.788909	0.145415
0.014775	0.47494	0.510285
0.51382	0.0918146	0.394366
0.603387	0.0172977	0.379315
0.31788	0.136822	0.545298
0.538109	0.0580647	0.403826
0.329001	0.353741	0.317258
0.235369	0.517484	0.247147
0.14894	0.437989	0.413071
0.225288	0.432293	0.342419
0.117294	0.706613	0.176093
0.317058	0.406147	0.276794
0.300549	0.250005	0.449447
0.584314	0.116047	0.299639
0.556857	0.289538	0.153605
0.415919	0.293246	0.290835
0.103962	0.489595	0.406443
0.498326	0.111177	0.390496
0.379634	0.42525	0.195116
0.770467	0.0904565	0.139076
0.628728	0.224738	0.146534
0.257769	0.608149	0.134082
0.200901	0.480826	0.318273
0.0550185	0.395661	0.549321
0.500715	0.227048	0.272237
0.652349	0.31806	0.0295907
0.111956	0.473092	0.414952
0.320498	0.261722	0.41778
0.487725	0.485918	0.0263568
0.326203	0.485178	0.188619
0.315337	0.396937	0.287726
0.250814	0.388307	0.360879
0.119842	0.418109	0.46205
0.586528	0.104712	0.308759
0.269569	0.38727	0.343161
0.338457	0.359873	0.30167
0.769324	0.0375446	0.193132
0.448128	0.298437	0.253435
0.443054	0.484712	0.0722342
0.578995	0.106144	0.314861
0.0402751	0.895658	0.0640673
0.45424	0.441526	0.104233
0.336625	0.632442	0.0309336
0.32671	0.21122	0.462069
0.389904	0.159996	0.4501
0.291226	0.616198	0.0925755
0.30925	0.302671	0.388079
0.3047	0.279471	0.415829
0.0846507	0.480208	0.435141
0.0269342	0.557814	0.415252
0.248407	0.474664	0.276929
0.276819	0.185092	0.538089
0.469838	0.475742	0.0544195
0.330221	0.27931	0.390469
0.417249	0.249204	0.333547
0.292031	0.397347	0.310622
0.669259	0.0197177	0.311024
0.56701	0.202336	0.230654
0.57428	0.0591281	0.366592
0.452915	0.464031	0.0830534
0.573703	0.0695318	0.356765
0.730787	0.0209212	0.248292
0.342856	0.324897	0.332246
0.354172	0.0557009	0.590127
0.455208	0.328198	0.216594
0.35901	0.18264	0.45835
0.508	0.357562	0.134439
0.654537	0.262244	0.0832197
0.103947	0.343447	0.552606
0.29636	0.359487	0.344154
0.153987	0.420701	0.425312
0.275866	0.362245	0.36189
0.156615	0.445656	0.39773
0.323628	0.242469	0.433903
0.240008	0.404349	0.355643
0.409987	0.331058	0.258955
0.308039	0.14916	0.542801
0.641041	0.305665	0.0532943
0.451579	0.452853	0.0955679
0.24269	0.499405	0.257905
0.640411	0.0385245	0.321064
0.461268	0.443233	0.0954994
0.243959	0.45465	0.30139
0.551275	0.0284662	0.420259
0.432462	0.147483	0.420055
0.0388487	0.589843	0.371309
0.439956	0.0921828	0.467862
0.334135	0.296731	0.369134
0.347449	0.346439	0.306112
0.198798	0.0413692	0.759832
0.487908	0.331653	0.180439
0.102685	0.321326	0.575989
0.478011	0.332081	0.189908
0.140409	0.787721	0.0718699
0.517517	0.44852	0.0339622
0.184122	0.172029	0.643849
0.331775	0.610123	0.0581018
0.339715	0.377839	0.282446
0.363551	0.363199	0.27325
0.345963	0.333154	0.320883
0.588062	0.134521	0.277417
0.328314	0.357234	0.314452
0.321264	0.376244	0.302492
0.283183	0.411862	0.304955
0.29682	0.610383	0.0927966
0.385279	0.446445	0.168276
0.370746	0.280983	0.348272
0.298848	0.363504	0.337648
0.124556	0.345934	0.529509
0.434748	0.528056	0.0371957
0.195805	0.0893193	0.714876
0.202574	0.49522	0.302206
0.372915	0.148825	0.47826
0.585414	0.0238572	0.390729
0.424606	0.402122	0.173272
0.529748	0.183107	0.287145
0.176499	0.52172	0.301781
0.448611	0.293379	0.25801
0.150817	0.729606	0.119578
0.232409	0.383581	0.384011
0.120358	0.303346	0.576296
0.245299	0.471697	0.283004
0.615244	0.0212105	0.363545
0.368685	0.355744	0.275572
0.529726	0.05237	0.417904
0.561894	0.0633809	0.374725
0.101673	0.753328	0.144999
0.310869	0.311502	0.377628
0.262052	0.014385	0.723563
0.417369	0.301508	0.281124
0.300288	0.287533	0.412179
0.450106	0.289608	0.260286
0.197158	0.457437	0.345406
0.144469	0.459582	0.39595
0.62586	0.0485476	0.325592
0.267621	0.396366	0.336013
0.388659	0.31053	0.300811
0.406232	0.458698	0.13507
0.32246	0.448797	0.228743
0.222602	0.330307	0.447092
0.267546	0.320173	0.412281
0.13886	0.447272	0.413868
0.0892529	0.762239	0.148508
0.283351	0.359394	0.357254
0.574669	0.307001	0.11833
0.586963	0.234737	0.1783
0.657049	0.255983	0.0869683
0.613482	0.161086	0.225433
0.416994	0.377099	0.205908
0.474506	0.31751	0.207984
0.22207	0.590944	0.186986
0.259914	0.392934	0.347152
0.399921	0.0661119	0.533968
0.0942132	0.869244	0.0365433
0.29581	0.282306	0.421885
0.499682	0.280245	0.220073
0.43551	0.223496	0.340994
0.101131	0.313858	0.585011
0.330084	0.0822666	0.587649
0.307948	0.438902	0.25315
0.154113	0.390801	0.455086
0.505241	0.217904	0.276855
0.168291	0.438443	0.393266
0.300438	0.677917	0.0216453
0.390226	0.0907035	0.51907
0.551627	0.103824	0.344549
0.365741	0.363906	0.270354
0.282888	0.691886	0.0252261
0.0240368	0.292457	0.683506
0.663618	0.0254338	0.310948
0.180953	0.0292697	0.789778
0.471679	0.490701	0.0376205
0.242776	0.368425	0.388799
0.819067	0.0351422	0.145791
0.610429	0.090562	0.299009
0.225876	0.194483	0.579641
0.0958823	0.81557	0.0885474
0.603059	0.34026	0.0566817
0.489006	0.475209	0.0357853
0.509589	0.215476	0.274935
0.448614	0.244517	0.306869
0.407035	0.583299	0.00966587
0.505606	0.20404	0.290354
0.293514	0.0894537	0.617032
0.311488	0.201198	0.487314
0.538034	0.239996	0.22197
0.233198	0.295962	0.47084
0.218787	0.354129	0.427084
0.338261	0.333477	0.328263
0.236883	0.45767	0.305448
0.0684068	0.474965	0.456628
0.42112	0.109616	0.469265
0.160597	0.444295	0.395107
0.48565	0.414597	0.0997528
0.331041	0.491044	0.177915
0.380818	0.185951	0.433231
0.195642	0.048232	0.756126
0.0483582	0.36038	0.591262
0.363548	0.473197	0.163254
0.579406	0.0456913	0.374902
0.339293	0.318704	0.342003
0.447652	0.361056	0.191292
0.52337	0.040438	0.436192
0.368407	0.302043	0.329551
0.128167	0.459946	0.411887
0.531341	0.336865	0.131794
0.178005	0.347968	0.474027
0.452825	0.408417	0.138758
0.26973	0.425252	0.305018
0.317934	0.510482	0.171584
0.368906	0.0396272	0.591467
0.487721	0.425639	0.0866394
0.235508	0.415728	0.348763
0.368651	0.316395	0.314954
0.0729925	0.367225	0.559782
0.348099	0.265895	0.386006
0.0990075	0.0656324	0.83536
0.475109	0.0919498	0.432941
0.560835	0.382	0.0571649
0.231918	0.154842	0.61324
0.373601	0.339045	0.287354
0.322855	0.0344381	0.642707
0.316303	0.390403	0.293294
0.239927	0.272729	0.487344
0.557765	0.362983	0.079252
0.234206	0.174263	0.591531
0.126705	0.608299	0.264996
0.286584	0.0984129	0.615003
0.348592	0.252673	0.398734
0.500989	0.297438	0.201573
0.184188	0.586966	0.228846
0.33047	0.115828	0.553702
0.183113	0.289765	0.527122
0.396747	0.48515	0.118103
0.539289	0.324604	0.136106
0.31513	0.485176	0.199695
0.137403	0.31344	0.549158
0.554958	0.248674	0.196369
0.33063	0.25773	0.41164
0.431307	0.188363	0.380329
0.0638597	0.540651	0.39549
0.667424	0.0186402	0.313936
0.357014	0.23151	0.411476
0.0400186	0.545519	0.414462
0.255249	0.335246	0.409506
0.438389	0.124964	0.436646
0.526766	0.168294	0.30494
0.597277	0.247695	0.155028
0.309229	0.241519	0.449252
0.341304	0.244652	0.414043
0.437785	0.379633	0.182582
0.206006	0.432673	0.361321
0.407549	0.142407	0.450044
0.107281	0.392029	0.50069
0.303412	0.347331	0.349257
0.607369	0.375985	0.0166462
0.567993	0.0739856	0.358022
0.300999	0.446683	0.252318
0.669356	0.164212	0.166432
0.247748	0.541035	0.211217
0.263414	0.648785	0.0878015
0.208031	0.590563	0.201406
0.353731	0.415676	0.230593
0.189403	0.624286	0.186312
0.378055	0.370651	0.251294
0.415909	0.273525	0.310566
0.318343	0.432658	0.248999
0.340242	0.40766	0.252098
0.244958	0.125296	0.629746
0.294258	0.396702	0.30904
0.21327	0.597643	0.189088
0.228624	0.316783	0.454592
0.528462	0.443015	0.0285236
0.283464	0.389508	0.327028
0.630452	0.11285	0.256698
0.667341	0.28062	0.052039
0.137384	0.196516	0.666101
0.187987	0.361375	0.450638
0.555685	0.0875534	0.356761
0.379765	0.333531	0.286704
0.230916	0.351532	0.417552
0.279443	0.364607	0.35595
0.0503289	0.369833	0.579838
0.102944	0.517387	0.379669
0.103586	0.328595	0.567819
0.0112407	0.383096	0.605663
0.198688	0.38452	0.416792
0.0426128	0.340007	0.61738
0.0266444	0.389226	0.584129
0.456707	0.45442	0.0888731
0.264455	0.282162	0.453382
0.142147	0.126954	0.730899
0.531749	0.155848	0.312404
0.404736	0.508345	0.0869194
0.725743	0.244954	0.0293026
0.275777	0.369884	0.354338
0.403214	0.121978	0.474807
0.534811	0.424532	0.0406574
0.109949	0.509008	0.381043
0.450378	0.487242	0.0623806
0.493884	0.354504	0.151612
0.255414	0.522398	0.222188
0.20337	0.442888	0.353742
0.153349	0.0670569	0.779594
0.394163	0.381662	0.224176
0.265983	0.582829	0.151188
0.245673	0.360806	0.393521
0.57692	0.0157625	0.407318
0.0288006	0.438469	0.53273
0.439912	0.137322	0.422767
0.479851	0.224317	0.295833
0.310365	0.356552	0.333083
0.631535	0.182168	0.186296
0.462999	0.206306	0.330695
0.412519	0.141345	0.446136
0.481142	0.218029	0.300829
0.0150431	0.71967	0.265287
0.462719	0.0856115	0.45167
0.190454	0.355111	0.454435
0.366724	0.16729	0.465985
0.0251038	0.715606	0.259291
0.270798	0.404975	0.324227
0.255466	0.432484	0.31205
0.0767858	0.314971	0.608243
0.313376	0.642474	0.0441503
0.477056	0.259055	0.263889
0.53691	0.0596757	0.403415
0.53538	0.155185	0.309435
0.356486	0.460786	0.182728
0.52973	0.202001	0.268269
0.528979	0.203781	0.26724
0.458192	0.284504	0.257305
0.409174	0.228419	0.362407
0.522504	0.458069	0.0194274
0.482152	0.47711	0.0407378
0.142556	0.377308	0.480136
0.223891	0.237152	0.538957
0.201046	0.405837	0.393117
0.349971	0.584095	0.0659345
0.529541	0.0758707	0.394588
0.375877	0.300564	0.323558
0.419853	0.285081	0.295067
0.351088	0.360734	0.288178
0.381184	0.565732	0.0530839
0.0663617	0.39627	0.537369
0.373172	0.31243	0.314398
0.0953349	0.558988	0.345677
0.510638	0.148182	0.34118
0.021651	0.209083	0.769266
0.304418	0.368212	0.32737
0.382636	0.337672	0.279692
0.0392984	0.429239	0.531463
0.26726	0.351532	0.381208
0.191421	0.44444	0.364138
0.125196	0.460709	0.414094
0.577459	0.0357267	0.386815
0.424181	0.181377	0.394443
0.48478	0.185323	0.329898
0.318747	0.301653	0.379599
0.364013	0.608265	0.0277225
0.349092	0.541448	0.10946
0.121112	0.357583	0.521305
0.323374	0.476222	0.200404
0.384204	0.569053	0.0467429
0.393842	0.345831	0.260327
0.223801	0.579264	0.196935
0.614257	0.133095	0.252647
0.087883	0.219061	0.693056
0.447443	0.503679	0.0488778
0.381008	0.273575	0.345417
0.399771	0.341824	0.258405
0.697131	0.235134	0.0677351
0.301474	0.587239	0.111286
0.635707	0.238783	0.12551
0.559951	0.376952	0.063097
0.44454	0.292719	0.262741
0.334103	0.175345	0.490552
0.420845	0.301859	0.277296
0.427786	0.387524	0.18469
0.346617	0.465863	0.18752
0.350157	0.0213543	0.628489
0.144422	0.15625	0.699328
0.283399	0.593741	0.122861
0.339244	0.269675	0.391081
0.476093	0.277049	0.246858
0.212721	0.40756	0.379719
0.238957	0.373089	0.387954
0.383518	0.461528	0.154955
0.221574	0.43946	0.338966
0.367461	0.0522611	0.580278
0.0700262	0.333852	0.596122
0.395927	0.465648	0.138425
0.361684	0.385069	0.253247
0.411018	0.346488	0.242494
0.406951	0.233123	0.359927
0.318653	0.337888	0.343459
0.158238	0.497461	0.3443
0.114237	0.706983	0.178779
0.225082	0.466815	0.308103
0.0912155	0.562093	0.346691
0.314577	0.20032	0.485103
0.278257	0.669319	0.0524249
0.558229	0.372769	0.0690024
0.067847	0.41644	0.515713
0.117975	0.485083	0.396942
0.216162	0.369747	0.414091
0.344562	0.298349	0.357089
0.194081	0.525618	0.280302
0.373462	0.392719	0.233819
0.352041	0.0392837	0.608675
0.144781	0.488129	0.367089
0.318849	0.510478	0.170673
0.100032	0.577153	0.322815
0.705758	0.171267	0.122975
0.0175561	0.313533	0.668911
0.112722	0.482134	0.405144
0.336653	0.292742	0.370605
0.337934	0.297317	0.364749
0.276741	0.301299	0.421961
0.0709591	0.725675	0.203366
0.59951	0.183071	0.217419
0.510197	0.0376823	0.452121
0.0258139	0.260408	0.713778
0.525291	0.0135669	0.461142
0.141961	0.413084	0.444955
0.269745	0.414966	0.315289
0.393285	0.270861	0.335854
0.17651	0.327817	0.495673
0.350546	0.256572	0.392882
0.0866755	0.192071	0.721253
0.362372	0.454148	0.183479
0.34123	0.243496	0.415274
0.268786	0.573402	0.157812
0.314774	0.322043	0.363183
0.457796	0.357941	0.184263
0.0126477	0.350854	0.636498
0.393201	0.449592	0.157207
0.24828	0.455217	0.296503
0.616163	0.0661663	0.317671
0.495401	0.370619	0.13398
0.497021	0.064574	0.438405
0.916168	0.0344227	0.049409
0.456798	0.221453	0.321749
0.395022	0.488136	0.116843
0.156784	0.469371	0.373845
0.459133	0.394778	0.146088
0.732	0.0869068	0.181093
0.636949	0.176558	0.186493
0.388042	0.380968	0.230989
0.113082	0.417663	0.469255
0.456201	0.279484	0.264315
0.123263	0.246617	0.63012
0.589506	0.226523	0.183971
0.247971	0.172124	0.579904
0.251271	0.243655	0.505074
0.464326	0.464011	0.0716636
0.550351	0.062868	0.386781
0.0836743	0.671221	0.245105
0.645007	0.320607	0.0343866
0.285934	0.229408	0.484658
0.167242	0.469311	0.363447
0.501081	0.244137	0.254782
0.470107	0.266717	0.263176
0.115434	0.0823946	0.802172
0.272875	0.653411	0.0737132
0.401864	0.367378	0.230758
0.651486	0.303138	0.0453761
0.230602	0.278073	0.491325
0.298302	0.496766	0.204932
0.33048	0.420891	0.248629
0.445366	0.349873	0.204761
0.389067	0.387555	0.223378
0.3407	0.2346	0.4247
0.141208	0.705678	0.153114
0.236989	0.416183	0.346828
0.506919	0.157793	0.335288
0.166586	0.352611	0.480803
0.0925543	0.633304	0.274141
0.177887	0.372925	0.449187
0.245104	0.587105	0.167791
0.550757	0.181216	0.268027
0.564844	0.33095	0.104205
0.437854	0.444142	0.118005
0.0542509	0.28409	0.66166
0.34961	0.261042	0.389348
0.0698107	0.687875	0.242314
0.408188	0.273534	0.318278
0.21672	0.380869	0.402411
0.336642	0.13947	0.523887
0.398979	0.368172	0.232849
0.288516	0.362299	0.349185
0.14412	0.229145	0.626735
0.0536223	0.452039	0.494338
0.52283	0.134074	0.343096
0.457757	0.481857	0.0603859
0.369499	0.418994	0.211507
0.141612	0.801878	0.0565105
0.00638402	0.491806	0.50181
0.242482	0.327675	0.429843
0.661639	0.193553	0.144809
0.407459	0.399304	0.193237
0.112748	0.160712	0.72654
0.349134	0.282566	0.3683
0.282239	0.280175	0.437586
0.157903	0.489032	0.353065
0.632231	0.268202	0.0995669
0.436436	0.320016	0.243547
0.287666	0.0265285	0.685806
0.0999591	0.355046	0.544995
0.104754	0.541187	0.354059
0.482265	0.225259	0.292476
0.278566	0.604685	0.116749
0.410761	0.368962	0.220278
0.149837	0.40196	0.448203
0.072659	0.487037	0.440304
0.069844	0.390916	0.53924
0.12443	0.749935	0.125635
0.363453	0.579862	0.0566848
0.198476	0.398637	0.402887
0.144649	0.278286	0.577066
0.416905	0.489552	0.0935429
0.0954511	0.404473	0.500076
0.0181239	0.807366	0.17451
0.26488	0.27169	0.46343
0.257626	0.426679	0.315695
0.379908	0.223083	0.397008
0.412404	0.239459	0.348137
0.148693	0.316291	0.535016
0.471345	0.102739	0.425916
0.772537	0.150768	0.0766954
0.195125	0.464689	0.340186
0.291529	0.491974	0.216497
0.193463	0.227101	0.579436
0.0448863	0.493994	0.46112
0.57742	0.148408	0.274172
0.239534	0.523742	0.236724
0.563427	0.31327	0.123303
0.0884769	0.299172	0.612351
0.0189556	0.0541106	0.926934
0.330516	0.433594	0.23589
0.0911691	0.391682	0.517149
0.633195	0.0548433	0.311962
0.330715	0.361834	0.307451
0.392213	0.153922	0.453864
0.0143113	0.140372	0.845317
0.324397	0.453652	0.221951
0.0229989	0.324587	0.652415
0.364458	0.410302	0.22524
0.577857	0.0332208	0.388922
0.363616	0.407482	0.228902
0.302858	0.526501	0.170641
0.155056	0.0722937	0.77265
0.688789	0.174071	0.13714
0.337439	0.36105	0.301511
0.0953483	0.0600422	0.84461
0.36512	0.360482	0.274398
0.412595	0.409292	0.178113
0.352295	0.339071	0.308634
0.406249	0.123805	0.469946
0.48103	0.0985875	0.420382
0.690162	0.180756	0.129082
0.653398	0.089535	0.257067
0.283502	0.251068	0.46543
0.329291	0.598478	0.072231
0.0957197	0.522307	0.381974
0.390338	0.164977	0.444685
0.16132	0.399305	0.439375
0.260595	0.348983	0.390421
0.227329	0.53031	0.24236
0.0413364	0.518282	0.440382
0.229416	0.604645	0.165939
0.502668	0.298042	0.19929
0.303739	0.322185	0.374076
0.357472	0.337943	0.304585
0.485292	0.493224	0.0214846
0.325415	0.402365	0.272221
0.383997	0.372014	0.243989
0.0297813	0.370881	0.599338
0.259694	0.0267016	0.713604
0.546298	0.0808379	0.372864
0.585972	0.270707	0.143321
0.284119	0.382573	0.333307
0.36364	0.240247	0.396113
0.188862	0.415023	0.396116
0.136523	0.411885	0.451592
0.23985	0.239689	0.520461
0.426287	0.351941	0.221772
0.324895	0.393608	0.281498
0.316967	0.391035	0.291999
0.428198	0.411965	0.159837
0.472445	0.521501	0.00605444
0.41136	0.273067	0.315573
0.152861	0.453015	0.394124
0.589354	0.224024	0.186622
0.326909	0.579757	0.0933335
0.426065	0.0593667	0.514568
0.124034	0.612292	0.263674
0.421553	0.388639	0.189808
0.513733	0.277401	0.208867
0.162202	0.5875	0.250298
0.22183	0.731455	0.0467155
0.0525686	0.622652	0.32478
0.444205	0.125269	0.430526
0.089017	0.495086	0.415897
0.0448337	0.400586	0.554581
0.298233	0.477255	0.224512
0.128458	0.47087	0.400672
0.580701	0.180341	0.238959
0.21454	0.628444	0.157015
0.163343	0.666233	0.170424
0.387027	0.357734	0.255239
0.175986	0.228983	0.595031
0.398633	0.373453	0.227914
0.084196	0.682899	0.232905
0.515602	0.475062	0.0093362
0.36497	0.407762	0.227268
0.413955	0.124697	0.461348
0.0667102	0.420318	0.512972
0.11323	0.375011	0.511759
0.243396	0.424652	0.331952
0.530443	0.247884	0.221673
0.114017	0.261955	0.624027
0.182946	0.17033	0.646724
0.16707	0.353601	0.479329
0.588635	0.30287	0.108494
0.0924985	0.195495	0.712006
0.167555	0.458637	0.373809
0.123243	0.459016	0.417741
0.0157532	0.596147	0.388099
0.042821	0.587077	0.370102
0.340523	0.513572	0.145905
0.187751	0.56063	0.251619
0.396519	0.413117	0.190364
0.559164	0.35561	0.0852267
0.365468	0.204749	0.429783
0.209579	0.521008	0.269413
0.306426	0.156829	0.536745
0.252327	0.389476	0.358197
0.0151128	0.62824	0.356647
0.0786562	0.362295	0.559048
0.0919842	0.39001	0.518006
0.593891	0.394675	0.0114346
0.255805	0.208773	0.535422
0.252263	0.486544	0.261194
0.210872	0.328384	0.460744
0.219476	0.662733	0.117791
0.45085	0.180973	0.368177
0.501812	0.11545	0.382738
0.227481	0.218173	0.554346
0.0129534	0.163623	0.823424
0.224698	0.369128	0.406175
0.334514	0.390936	0.27455
0.228097	0.268156	0.503747
0.239591	0.246591	0.513818
0.382755	0.452895	0.16435
0.347529	0.398604	0.253867
0.346244	0.27375	0.380006
0.482364	0.411809	0.105827
0.0523614	0.86227	0.0853684
0.478301	0.0458798	0.475819
0.13683	0.462872	0.400298
0.151389	0.438222	0.410389
0.513918	0.0635551	0.422527
0.45905	0.228973	0.311978
0.266352	0.42978	0.303868
0.28603	0.349638	0.364331
0.338692	0.209512	0.451796
0.241526	0.628306	0.130168
0.462941	0.0662845	0.470774
0.516242	0.327183	0.156575
0.760365	0.0737283	0.165907
0.392994	0.264809	0.342197
0.412979	0.211417	0.375604
0.39045	0.287519	0.322031
0.323905	0.381945	0.29415
0.242732	0.603835	0.153433
0.405618	0.369631	0.224751
0.359235	0.264162	0.376602
0.539679	0.107007	0.353313
0.498039	0.185059	0.316902
0.237775	0.139968	0.622258
0.537287	0.0986865	0.364027
0.141008	0.348977	0.510015
0.0226572	0.597603	0.37974
0.54432	0.248037	0.207643
0.327628	0.577582	0.0947898
0.398844	0.436603	0.164553
0.277393	0.394819	0.327788
0.346469	0.614534	0.038997
0.771014	0.175199	0.0537872
0.394339	0.392882	0.21278
0.143296	0.684313	0.172391
0.562409	0.398051	0.0395405
0.2644	0.162569	0.573031
0.234579	0.410009	0.355412
0.165232	0.417312	0.417456
0.384484	0.262268	0.353248
0.565921	0.41073	0.0233486
0.0230757	0.657575	0.319349
0.491049	0.131748	0.377202
0.13208	0.480368	0.387552
0.320947	0.300511	0.378541
0.543822	0.182964	0.273215
0.257946	0.422093	0.319961
0.379604	0.376554	0.243842
0.515875	0.287251	0.196874
0.0597946	0.369206	0.571
0.698806	0.18163	0.119565
0.623841	0.35471	0.0214489
0.567292	0.349156	0.0835514
0.459954	0.440157	0.0998891
0.143543	0.336366	0.520091
0.585391	0.237035	0.177575
