0.702959	0.269395	0.0276458
0.226723	0.508555	0.264722
0.245048	0.421638	0.333313
0.361657	0.120655	0.517688
0.115354	0.307873	0.576773
0.222996	0.409235	0.367769
0.610843	0.269523	0.119634
0.299785	0.233341	0.466874
0.194888	0.342391	0.462721
0.0141651	0.420983	0.564852
0.525907	0.225493	0.2486
0.308799	0.474458	0.216743
0.257834	0.507866	0.2343
0.39876	0.116238	0.485002
0.387048	0.416882	0.19607
0.778191	0.0191717	0.202637
0.291949	0.169896	0.538155
0.312398	0.324555	0.363047
0.352002	0.121477	0.526521
0.112115	0.102381	0.785504
0.438486	0.0507541	0.51076
0.0277185	0.946238	0.0260434
0.448991	0.488812	0.062197
0.429227	0.32857	0.242203
0.291429	0.686888	0.0216833
0.433241	0.21652	0.350239
0.338629	0.107571	0.5538
0.324537	0.279549	0.395914
0.0259216	0.404211	0.569868
0.385419	0.40321	0.211371
0.0337236	0.66141	0.304866
0.201098	0.109193	0.689708
0.55707	0.0377584	0.405172
0.357697	0.403398	0.238905
0.468368	0.139533	0.392098
0.157938	0.370538	0.471524
0.0389774	0.286886	0.674136
0.508761	0.438293	0.052946
0.432875	0.380807	0.186318
0.122418	0.131402	0.74618
0.259187	0.334534	0.406279
0.275819	0.180841	0.54334
0.514699	0.468172	0.0171295
0.377143	0.349051	0.273806
0.159485	0.529777	0.310737
0.189543	0.697738	0.112719
0.617378	0.345142	0.0374797
0.324722	0.395047	0.280231
0.0898568	0.675859	0.234284
0.448263	0.102389	0.449348
0.432231	0.451923	0.115846
0.636682	0.325777	0.0375414
0.201587	0.42701	0.371403
0.179786	0.365421	0.454794
0.423964	0.314513	0.261523
0.329972	0.354749	0.315279
0.25037	0.383355	0.366275
0.539053	0.137134	0.323813
0.437611	0.504231	0.0581584
0.552358	0.33775	0.109892
0.173541	0.108218	0.71824
0.200465	0.7838	0.0157351
0.485361	0.137863	0.376776
0.29198	0.507625	0.200395
0.422633	0.412705	0.164662
0.205503	0.372602	0.421895
0.184649	0.322943	0.492408
0.10082	0.647455	0.251725
0.389947	0.0219416	0.588112
0.0951082	0.386657	0.518235
0.0308021	0.681878	0.28732
0.346333	0.39175	0.261917
0.358781	0.392887	0.248332
0.123981	0.771522	0.104497
0.104423	0.587726	0.307851
0.453425	0.0228922	0.523683
0.0823492	0.41649	0.501161
0.124697	0.472037	0.403266
0.145364	0.344687	0.509949
0.0537853	0.623179	0.323035
0.353815	0.597861	0.048324
0.016717	0.868247	0.115036
0.249443	0.67554	0.0750173
0.125972	0.103668	0.77036
0.534447	0.0223548	0.443198
0.322624	0.311198	0.366178
0.224042	0.0555823	0.720375
0.410042	0.261586	0.328371
0.325168	0.606541	0.0682907
0.4493	0.453398	0.0973024
0.049616	0.535215	0.415169
0.365519	0.312178	0.322303
0.592758	0.262574	0.144668
0.36346	0.442208	0.194333
0.245631	0.614139	0.14023
0.0494956	0.32153	0.628974
0.31341	0.346043	0.340547
0.357178	0.430628	0.212195
0.414337	0.433805	0.151857
0.273625	0.662599	0.0637755
0.230122	0.691219	0.0786594
0.421848	0.257259	0.320893
0.374373	0.0328032	0.592824
0.168305	0.111411	0.720284
0.228021	0.418158	0.353821
0.197457	0.461662	0.340881
0.0582052	0.390834	0.550961
0.551212	0.310299	0.13849
0.333369	0.41152	0.255112
0.394296	0.214934	0.390769
0.392935	0.31204	0.295026
0.423203	0.43516	0.141637
0.089678	0.361635	0.548687
0.205778	0.432339	0.361884
0.402127	0.335925	0.261948
0.193868	0.496131	0.31
0.294507	0.332303	0.37319
0.326223	0.420619	0.253158
0.0464402	0.518415	0.435145
0.085076	0.374706	0.540218
0.0172427	0.689286	0.293472
0.0251385	0.33763	0.637231
0.42662	0.299158	0.274222
0.36135	0.364274	0.274376
0.0823629	0.58272	0.334917
0.248185	0.292114	0.459702
0.502684	0.0266455	0.47067
0.570853	0.351804	0.0773432
0.282692	0.122317	0.594991
0.491988	0.0704847	0.437527
0.457673	0.439086	0.103241
0.154701	0.135736	0.709563
0.757028	0.180869	0.0621026
0.404858	0.226885	0.368258
0.416637	0.278715	0.304648
0.235836	0.426875	0.337289
0.328057	0.385871	0.286072
0.325262	0.223649	0.451089
0.43721	0.35225	0.210541
0.706573	0.139771	0.153655
0.333077	0.157782	0.509141
0.176543	0.3619	0.461558
0.201082	0.458455	0.340463
0.117426	0.359927	0.522647
0.387616	0.361449	0.250935
0.381505	0.551072	0.0674225
0.405976	0.277516	0.316508
0.483046	0.0728337	0.44412
0.509317	0.118303	0.37238
0.238673	0.39967	0.361657
0.347578	0.346116	0.306306
0.132814	0.273291	0.593894
0.327771	0.525322	0.146908
0.047001	0.319147	0.633852
0.250609	0.449949	0.299442
0.488511	0.104088	0.407401
0.296463	0.374132	0.329406
0.100414	0.689023	0.210563
0.416787	0.0763854	0.506828
0.259639	0.52688	0.213482
0.406717	0.151944	0.441339
0.240268	0.330518	0.429213
0.0890428	0.111911	0.799047
0.0197891	0.460363	0.519848
0.221914	0.489028	0.289058
0.256175	0.387724	0.356101
0.299417	0.377478	0.323105
0.111767	0.344611	0.543622
0.330685	0.338228	0.331087
0.237023	0.216961	0.546015
0.0429822	0.432697	0.52432
0.638975	0.101855	0.25917
0.57453	0.33993	0.0855407
0.597103	0.0877634	0.315133
0.432624	0.266182	0.301194
0.158268	0.236687	0.605045
0.461778	0.318699	0.219523
0.695581	0.210334	0.0940849
0.279986	0.308003	0.412012
0.516877	0.187222	0.295902
0.381778	0.258557	0.359665
0.613849	0.336718	0.0494336
0.390155	0.451022	0.158823
0.527604	0.00605123	0.466345
0.824248	0.0934072	0.0823446
0.220897	0.613322	0.16578
0.227448	0.388505	0.384047
0.428338	0.302867	0.268795
0.0948925	0.283487	0.62162
0.208978	0.526957	0.264065
0.184701	0.26602	0.549279
0.187626	0.561517	0.250857
0.108151	0.433589	0.45826
0.417682	0.0289863	0.553332
0.146156	0.530291	0.323553
0.326022	0.400313	0.273666
0.559049	0.337203	0.103748
0.519458	0.391751	0.0887915
0.290565	0.488806	0.22063
0.319596	0.260239	0.420165
0.348108	0.465563	0.186329
0.696431	0.250446	0.0531232
0.45571	0.244813	0.299477
0.573837	0.273664	0.152499
0.146314	0.603985	0.2497
0.25685	0.359885	0.383265
0.440792	0.135058	0.42415
0.0482338	0.428646	0.52312
0.194339	0.284781	0.52088
0.336499	0.438351	0.22515
0.520038	0.178558	0.301405
0.699168	0.0951484	0.205684
0.522378	0.0145332	0.463088
0.276642	0.704939	0.0184195
0.0627561	0.403136	0.534108
0.153595	0.58645	0.259955
0.246079	0.537804	0.216116
0.417008	0.381802	0.20119
0.268023	0.415089	0.316888
0.326562	0.568996	0.104442
0.379889	0.225928	0.394183
0.333256	0.175578	0.491166
0.0259097	0.596471	0.377619
0.136144	0.0886561	0.7752
0.233182	0.471816	0.295002
0.344638	0.333443	0.321919
0.310335	0.321515	0.36815
0.151064	0.600664	0.248272
0.644472	0.0231223	0.332405
0.0126248	0.807322	0.180053
0.400306	0.177318	0.422376
0.208415	0.681482	0.110102
0.349126	0.226925	0.423949
0.320633	0.313695	0.365672
0.34047	0.172478	0.487051
0.401858	0.437918	0.160224
0.144769	0.162995	0.692236
0.186179	0.412857	0.400964
0.403022	0.437444	0.159534
0.26438	0.542604	0.193016
0.333926	0.162276	0.503799
0.13134	0.701767	0.166893
0.0858608	0.594466	0.319673
0.458198	0.069011	0.472791
0.324309	0.504563	0.171128
0.155085	0.496797	0.348117
0.385255	0.355547	0.259198
0.182061	0.54446	0.273478
0.416241	0.12763	0.456129
0.164072	0.591192	0.244736
0.410351	0.419808	0.169841
0.37586	0.389352	0.234788
0.481158	0.411142	0.107699
0.488758	0.157332	0.35391
0.254523	0.370437	0.375039
0.800318	0.118134	0.081548
0.143424	0.580585	0.275991
0.318428	0.332174	0.349398
0.0467934	0.0894996	0.863707
0.175557	0.0530373	0.771406
0.619193	0.0316845	0.349122
0.274296	0.528169	0.197535
0.154518	0.821352	0.0241297
0.367193	0.36491	0.267897
0.479335	0.184468	0.336197
0.493371	0.0728257	0.433803
0.423604	0.0257412	0.550655
0.472433	0.292655	0.234911
0.355582	0.292918	0.351499
0.34308	0.328911	0.328009
0.39098	0.554193	0.0548266
0.246241	0.319811	0.433948
0.354808	0.489833	0.155359
0.47144	0.373477	0.155083
0.367021	0.26472	0.368259
0.0674573	0.361476	0.571066
0.493057	0.341307	0.165636
0.100087	0.126209	0.773704
0.283402	0.385221	0.331378
0.0542797	0.1243	0.821421
0.300955	0.297486	0.401558
0.383722	0.355909	0.26037
0.0257144	0.432901	0.541385
0.0302583	0.485062	0.484679
0.458854	0.148909	0.392237
0.586715	0.165475	0.24781
0.101298	0.392979	0.505724
0.522349	0.330842	0.146809
0.243524	0.0999012	0.656575
0.175875	0.114329	0.709796
0.208976	0.210352	0.580672
0.0125199	0.657329	0.330152
0.504621	0.127861	0.367518
0.176694	0.42127	0.402036
0.133807	0.484701	0.381492
0.349155	0.414382	0.236463
0.156046	0.116644	0.727311
0.127826	0.776023	0.0961516
0.454911	0.451572	0.0935171
0.192195	0.362175	0.44563
0.29392	0.446322	0.259758
0.779306	0.175648	0.045046
0.0171789	0.0336457	0.949175
0.386584	0.174745	0.43867
0.369324	0.371018	0.259658
0.337752	0.351179	0.311069
0.53507	0.116522	0.348408
0.109026	0.555845	0.335129
0.52186	0.190446	0.287694
0.135892	0.409256	0.454852
0.532724	0.127245	0.340031
0.299428	0.087735	0.612837
0.629458	0.0267093	0.343833
0.457809	0.333964	0.208227
0.519605	0.466058	0.0143378
0.378595	0.34682	0.274586
0.469774	0.108392	0.421833
0.232938	0.348144	0.418918
0.335348	0.398998	0.265653
0.2881	0.448545	0.263356
0.592311	0.164378	0.243311
0.374905	0.419444	0.205651
0.48107	0.0399318	0.478999
0.418065	0.310292	0.271643
0.288055	0.28524	0.426705
0.601492	0.0619319	0.336576
0.658197	0.0422711	0.299532
0.0777806	0.355852	0.566367
0.817241	0.113869	0.0688899
0.159656	0.349583	0.490762
0.141355	0.334605	0.52404
0.136675	0.408344	0.454981
0.094568	0.584698	0.320734
0.199049	0.283591	0.51736
0.121849	0.411387	0.466764
0.34839	0.194474	0.457137
0.615352	0.298835	0.0858131
0.597819	0.227632	0.174548
0.67776	0.0934684	0.228772
0.510783	0.166934	0.322283
0.495339	0.189446	0.315215
0.441551	0.20411	0.354339
0.391807	0.323908	0.284285
0.124133	0.508222	0.367645
0.490013	0.117473	0.392513
0.366637	0.379446	0.253918
0.347592	0.516729	0.135678
0.0511575	0.319067	0.629776
0.514598	0.260944	0.224458
0.568978	0.201826	0.229195
0.330433	0.185399	0.484168
0.196424	0.257344	0.546232
0.396018	0.177402	0.42658
0.350084	0.334986	0.31493
0.0609187	0.589784	0.349298
0.383119	0.401599	0.215282
0.139234	0.455287	0.405479
0.573023	0.0152615	0.411716
0.29438	0.333413	0.372207
0.223027	0.317582	0.459391
0.556767	0.426889	0.0163444
0.0134006	0.432963	0.553637
0.116817	0.584694	0.298489
0.0506613	0.215622	0.733717
0.359184	0.0366126	0.604204
0.516192	0.441029	0.042779
0.378524	0.29387	0.327605
0.190866	0.407635	0.401499
0.323575	0.631675	0.0447497
0.122883	0.403592	0.473525
0.181442	0.0896584	0.728899
0.389782	0.195235	0.414982
0.379351	0.380991	0.239658
0.351863	0.426679	0.221457
0.381313	0.45142	0.167266
0.200556	0.183202	0.616243
0.377757	0.524603	0.0976406
0.133775	0.0698059	0.796419
0.608132	0.0162376	0.37563
0.465181	0.167962	0.366856
0.327867	0.436649	0.235485
0.0532984	0.227389	0.719313
0.121918	0.277018	0.601064
0.0904308	0.318546	0.591023
0.426364	0.0710602	0.502576
0.450799	0.354752	0.194449
0.475676	0.0737088	0.450615
0.439321	0.472701	0.0879785
0.242313	0.716162	0.0415251
0.0694516	0.562229	0.36832
0.669104	0.061234	0.269662
0.339186	0.312567	0.348247
0.379771	0.22783	0.392399
0.308557	0.50631	0.185133
0.541241	0.016089	0.44267
0.228672	0.376151	0.395177
0.47165	0.511042	0.0173081
0.422621	0.117909	0.45947
0.409778	0.311684	0.278539
0.576865	0.367704	0.0554313
0.408623	0.177329	0.414048
0.29636	0.313651	0.389989
0.195449	0.251415	0.553136
0.0491703	0.448039	0.502791
0.374754	0.029633	0.595612
0.430453	0.131724	0.437824
0.178277	0.116203	0.705521
0.3102	0.535428	0.154372
0.0337761	0.278017	0.688206
0.309879	0.122214	0.567907
0.204546	0.537751	0.257703
0.406421	0.558539	0.0350397
0.238646	0.296262	0.465092
0.180262	0.390231	0.429508
0.122471	0.670947	0.206583
0.475723	0.165692	0.358585
0.128943	0.577537	0.29352
0.356839	0.184867	0.458294
0.113598	0.466522	0.41988
0.3268	0.306019	0.367181
0.50613	0.208889	0.284981
0.264843	0.492028	0.243129
0.325467	0.0823943	0.592138
0.100406	0.275493	0.624102
0.379058	0.352497	0.268444
0.202768	0.434567	0.362665
0.582319	0.19391	0.223772
0.0969773	0.583326	0.319697
0.0620372	0.554577	0.383386
0.145869	0.607165	0.246966
0.682043	0.163205	0.154753
0.359086	0.181729	0.459185
0.322041	0.395028	0.282931
0.333029	0.329361	0.33761
0.429032	0.30225	0.268718
0.028634	0.351603	0.619763
0.278639	0.230695	0.490666
0.586293	0.256378	0.157329
0.42778	0.294851	0.277369
0.384774	0.248161	0.367065
0.336402	0.415274	0.248324
0.801359	0.111919	0.0867218
0.345177	0.45274	0.202083
0.323668	0.35116	0.325172
0.0647591	0.117237	0.818004
0.227035	0.400327	0.372637
0.0412728	0.503612	0.455116
0.755839	0.132519	0.111642
0.41607	0.189512	0.394418
0.152358	0.291505	0.556137
0.23346	0.42609	0.34045
0.617385	0.327515	0.0550995
0.369308	0.491392	0.1393
0.198363	0.102411	0.699226
0.160841	0.363897	0.475262
0.387893	0.297958	0.314149
0.110441	0.429489	0.46007
0.543174	0.230349	0.226477
0.211603	0.402239	0.386158
0.4818	0.0342325	0.483967
0.0269476	0.408934	0.564118
0.277865	0.343495	0.378639
0.606885	0.184463	0.208652
0.0700264	0.504184	0.42579
0.541993	0.203194	0.254813
0.265236	0.430308	0.304456
0.577227	0.32311	0.0996629
0.721853	0.0724975	0.20565
0.28266	0.407444	0.309896
0.401928	0.153752	0.444319
0.604071	0.274324	0.121605
0.339558	0.285067	0.375375
0.667428	0.0996916	0.232881
0.0923669	0.600477	0.307156
0.199535	0.0897048	0.71076
0.518654	0.0894818	0.391864
0.240939	0.329923	0.429138
0.188791	0.403103	0.408106
0.0495373	0.622962	0.327501
0.226538	0.450919	0.322542
0.433044	0.54856	0.0183964
0.60557	0.105217	0.289213
0.432358	0.348304	0.219338
0.376093	0.264027	0.35988
0.619589	0.27869	0.101721
0.337243	0.443075	0.219682
0.334537	0.341394	0.32407
0.341833	0.225089	0.433078
0.305053	0.27518	0.419767
0.184694	0.37074	0.444566
0.262585	0.419397	0.318018
0.0789408	0.52549	0.395569
0.325638	0.335272	0.339091
0.346331	0.351669	0.302001
0.298243	0.45025	0.251507
0.829421	0.0156622	0.154917
0.348102	0.626111	0.025787
0.428578	0.447657	0.123765
0.379351	0.0295582	0.591091
0.470046	0.160344	0.369611
0.511781	0.293559	0.19466
0.309943	0.380642	0.309415
0.414854	0.407183	0.177963
0.609976	0.253008	0.137016
0.320489	0.07491	0.604601
0.358344	0.464908	0.176748
0.299285	0.381294	0.319421
0.414589	0.139122	0.446289
0.329325	0.41902	0.251655
0.469108	0.324074	0.206818
0.0307691	0.821646	0.147585
0.375045	0.374614	0.250341
0.408126	0.284996	0.306878
0.0737138	0.518491	0.407795
0.537254	0.107	0.355746
0.578064	0.397701	0.0242354
0.420953	0.240577	0.33847
0.111037	0.191035	0.697927
0.550585	0.0776246	0.37179
0.144205	0.481342	0.374453
0.0331196	0.487037	0.479843
0.367173	0.328034	0.304793
0.362009	0.233661	0.40433
0.415649	0.177351	0.407
0.495586	0.181679	0.322735
0.47998	0.293037	0.226983
0.481355	0.333312	0.185333
0.390927	0.583274	0.0257985
0.48338	0.49663	0.0199897
0.0724933	0.506443	0.421064
0.86518	0.0667681	0.0680521
0.319032	0.196321	0.484648
0.354503	0.366929	0.278568
0.0349354	0.465432	0.499632
0.186427	0.199293	0.61428
0.343763	0.520144	0.136092
0.373424	0.469186	0.15739
0.0966202	0.697225	0.206155
0.156161	0.539089	0.304749
0.387074	0.159963	0.452963
0.652702	0.0623645	0.284933
0.702329	0.275323	0.0223471
0.446152	0.165634	0.388214
0.0688108	0.129243	0.801946
0.331245	0.110815	0.55794
0.162765	0.529953	0.307282
0.13655	0.440743	0.422707
0.359346	0.527058	0.113596
0.179352	0.732109	0.0885383
0.353442	0.188073	0.458485
0.322762	0.425557	0.25168
0.177357	0.298377	0.524266
0.281526	0.0291674	0.689306
0.0539668	0.581179	0.364854
0.488942	0.481505	0.0295531
0.595841	0.0736823	0.330476
0.433061	0.391091	0.175848
0.478133	0.0804802	0.441387
0.117573	0.274819	0.607608
0.164774	0.178812	0.656414
0.387131	0.348751	0.264118
0.44723	0.319199	0.233571
0.358098	0.112218	0.529683
0.141025	0.581824	0.27715
0.528205	0.389921	0.0818738
0.414097	0.27995	0.305952
0.467426	0.326027	0.206548
0.181926	0.518252	0.299822
0.146338	0.379942	0.47372
0.30144	0.282926	0.415634
0.152676	0.760947	0.0863764
0.471954	0.356127	0.171919
0.320396	0.377244	0.302361
0.0661533	0.211118	0.722729
0.573582	0.212875	0.213542
0.852033	0.00983505	0.138132
0.164668	0.419745	0.415587
0.301888	0.379288	0.318824
0.171285	0.166325	0.66239
0.468962	0.305083	0.225956
0.21485	0.437892	0.347257
0.399734	0.0884783	0.511788
0.294965	0.359542	0.345494
0.405862	0.585463	0.0086744
0.327294	0.417785	0.254922
0.267614	0.230726	0.501659
0.514214	0.28761	0.198176
0.518459	0.195837	0.285704
0.373695	0.341342	0.284963
0.134643	0.328334	0.537024
0.472682	0.145801	0.381517
0.225608	0.631755	0.142637
0.0904295	0.463481	0.446089
0.438106	0.431531	0.130364
0.408316	0.335416	0.256268
0.408428	0.375924	0.215648
0.113777	0.688054	0.19817
0.293746	0.340403	0.365851
0.0739219	0.0998856	0.826192
0.750499	0.215137	0.0343633
0.129784	0.444559	0.425657
0.285391	0.356411	0.358199
0.516223	0.377372	0.106405
0.482008	0.097449	0.420543
0.577978	0.334601	0.0874216
0.450767	0.481128	0.0681047
0.435013	0.427666	0.137321
0.152572	0.665004	0.182423
0.545649	0.0686897	0.385662
0.339064	0.390428	0.270508
0.564352	0.147676	0.287972
0.494741	0.262306	0.242953
0.372092	0.290706	0.337202
0.420513	0.452665	0.126822
0.448664	0.166734	0.384602
0.600185	0.318669	0.0811461
0.402746	0.109752	0.487502
0.165712	0.359843	0.474445
0.297072	0.306374	0.396554
0.350093	0.593587	0.0563201
0.336553	0.20537	0.458077
0.2324	0.348131	0.419469
0.593124	0.142913	0.263963
0.289057	0.2079	0.503043
0.508454	0.0124406	0.479106
0.328704	0.15227	0.519027
0.357814	0.126416	0.51577
0.406187	0.161621	0.432192
0.390823	0.35139	0.257788
0.0918185	0.821284	0.0868971
0.157392	0.340688	0.50192
0.457257	0.366235	0.176509
0.110737	0.107318	0.781945
0.0155503	0.202275	0.782175
0.541897	0.415644	0.0424591
0.450323	0.0556282	0.494049
0.162749	0.0833071	0.753944
0.254107	0.378507	0.367386
0.325353	0.34232	0.332328
0.122636	0.257913	0.619452
0.343506	0.36912	0.287374
0.344766	0.291243	0.363991
0.171995	0.366418	0.461587
0.210009	0.428725	0.361266
0.27886	0.440727	0.280413
0.15397	0.0447518	0.801278
0.350994	0.332466	0.316541
0.0274171	0.331254	0.641329
0.36091	0.141532	0.497558
0.295523	0.303201	0.401276
0.774488	0.174858	0.0506544
0.452654	0.093193	0.454153
0.0367197	0.709152	0.254129
0.162743	0.149038	0.688219
0.237807	0.430465	0.331728
0.294398	0.252065	0.453537
0.360349	0.215593	0.424058
0.6036	0.282434	0.113966
0.130909	0.308944	0.560147
0.221929	0.0840003	0.694071
0.254864	0.541407	0.20373
0.133848	0.265719	0.600433
0.407943	0.190088	0.401969
0.0441254	0.473148	0.482726
0.497439	0.0567304	0.44583
0.105533	0.433484	0.460983
0.427361	0.0392849	0.533354
0.501264	0.167653	0.331082
0.341135	0.320554	0.338311
0.424513	0.201968	0.373519
0.144582	0.464945	0.390472
0.0308981	0.336962	0.63214
0.358295	0.100588	0.541117
0.521271	0.395382	0.0833468
0.429978	0.354469	0.215552
0.786315	0.174747	0.0389381
0.319879	0.294359	0.385763
0.19925	0.423984	0.376766
0.0656833	0.432213	0.502103
0.433827	0.0944555	0.471717
0.670682	0.014456	0.314862
0.256977	0.409751	0.333272
0.374453	0.368663	0.256884
0.251628	0.603372	0.145
0.531413	0.20424	0.264347
0.117257	0.331262	0.551481
0.481291	0.239169	0.27954
0.337138	0.358109	0.304754
0.356786	0.388678	0.254536
0.707248	0.0224225	0.27033
0.320338	0.226673	0.452989
0.362941	0.199057	0.438002
0.558146	0.299359	0.142495
0.653813	0.173446	0.172741
0.419065	0.107213	0.473722
0.0200572	0.514822	0.465121
0.0844221	0.414224	0.501354
0.727568	0.229684	0.042748
0.108743	0.304902	0.586355
0.0890555	0.512855	0.39809
0.362382	0.404542	0.233077
0.242302	0.0423314	0.715366
0.27362	0.367064	0.359315
0.317017	0.369531	0.313452
0.136829	0.557549	0.305622
0.46953	0.403344	0.127125
0.2624	0.513434	0.224167
0.169482	0.623942	0.206576
0.162849	0.341406	0.495744
0.237949	0.295763	0.466287
0.219485	0.498868	0.281647
0.301466	0.185656	0.512878
0.402595	0.409931	0.187474
0.561153	0.376371	0.0624755
0.260306	0.611359	0.128336
0.339565	0.438149	0.222285
0.357231	0.370752	0.272017
0.539709	0.323202	0.137089
0.381051	0.396242	0.222707
0.288466	0.355759	0.355775
0.300842	0.531015	0.168143
0.172994	0.257806	0.5692
0.29312	0.519624	0.187256
0.182822	0.291827	0.525351
0.215486	0.524211	0.260303
0.350412	0.381416	0.268172
0.396933	0.189517	0.413551
0.530806	0.446444	0.0227502
0.185299	0.408999	0.405702
0.424514	0.279311	0.296175
0.516415	0.0600089	0.423576
0.323661	0.387459	0.28888
0.105776	0.526445	0.367779
0.37414	0.251919	0.373941
0.445507	0.453272	0.101221
0.626782	0.0560064	0.317211
0.317709	0.267276	0.415015
0.478478	0.0126506	0.508872
0.347933	0.239983	0.412084
0.20894	0.538417	0.252643
0.489615	0.0498481	0.460537
0.273052	0.396446	0.330502
0.0113106	0.600239	0.38845
0.499779	0.166141	0.33408
0.0613648	0.363517	0.575119
0.288808	0.383482	0.32771
0.382379	0.171501	0.44612
0.0749722	0.889987	0.0350404
0.209623	0.310402	0.479976
0.433083	0.478678	0.088239
0.474876	0.462998	0.0621255
0.470326	0.0192228	0.510452
0.391921	0.102333	0.505746
0.365923	0.417316	0.216761
0.186204	0.35476	0.459036
0.273786	0.683164	0.0430506
0.364669	0.377548	0.257783
0.530021	0.309494	0.160485
0.0343497	0.70048	0.26517
0.0413991	0.494911	0.46369
0.46564	0.371502	0.162859
0.377443	0.0633925	0.559164
0.320697	0.152434	0.526869
0.436109	0.182	0.38189
0.486243	0.217803	0.295954
0.441356	0.446132	0.112511
0.192822	0.410066	0.397112
0.340536	0.344223	0.315241
0.353214	0.364795	0.281992
0.475461	0.130988	0.39355
0.861135	0.0341169	0.104748
0.0572587	0.398515	0.544226
0.191765	0.32041	0.487824
0.378937	0.255889	0.365174
0.3409	0.135278	0.523821
0.0948587	0.0472674	0.857874
0.737008	0.0624293	0.200563
0.48953	0.0432163	0.467254
0.308859	0.0438626	0.647278
0.255532	0.352737	0.391731
0.629499	0.0573765	0.313125
0.358201	0.484595	0.157204
0.38924	0.361965	0.248795
0.441816	0.0599865	0.498198
0.458565	0.124035	0.4174
0.282569	0.27148	0.44595
0.153884	0.391593	0.454523
0.53646	0.244265	0.219275
0.166075	0.605663	0.228262
0.471145	0.278354	0.250501
0.299729	0.444654	0.255618
0.442785	0.134327	0.422888
0.382533	0.405521	0.211946
0.625549	0.288948	0.0855032
0.442434	0.489239	0.0683267
0.0932636	0.467236	0.439501
0.641406	0.326103	0.0324912
0.32704	0.285086	0.387873
0.611323	0.0416308	0.347046
0.43156	0.377685	0.190755
0.143456	0.804717	0.0518268
0.573197	0.230195	0.196608
0.095464	0.432957	0.471579
0.502816	0.044608	0.452576
0.194254	0.244344	0.561403
0.353204	0.415989	0.230807
0.0360569	0.631739	0.332204
0.398784	0.407475	0.193741
0.274364	0.125983	0.599653
0.453605	0.391732	0.154664
0.403948	0.151413	0.444639
0.421419	0.195932	0.382649
0.412111	0.255202	0.332686
0.782687	0.122246	0.0950674
0.563366	0.361548	0.0750869
0.269276	0.273106	0.457617
0.310363	0.381358	0.308279
0.368403	0.303167	0.32843
0.322707	0.564443	0.112851
0.132935	0.391673	0.475392
0.128072	0.451704	0.420225
0.582758	0.0780405	0.339202
0.35662	0.299568	0.343812
0.335986	0.642245	0.0217687
0.0628738	0.489841	0.447285
0.665796	0.100662	0.233542
0.5798	0.339687	0.0805132
0.276524	0.55051	0.172966
0.376994	0.175989	0.447017
0.560444	0.0109944	0.428562
0.131896	0.404113	0.463991
0.783506	0.0329726	0.183522
0.452528	0.363333	0.184139
0.00947972	0.504351	0.486169
0.816447	0.13363	0.0499223
0.136727	0.370664	0.492609
0.36239	0.425388	0.212223
0.508802	0.126661	0.364537
0.438327	0.145847	0.415826
0.549088	0.162024	0.288887
0.0357974	0.550235	0.413967
0.302951	0.0163264	0.680723
0.248349	0.450716	0.300936
0.336073	0.0214887	0.642438
0.03831	0.581015	0.380675
0.367477	0.377528	0.254994
0.752509	0.0379345	0.209556
0.325461	0.522918	0.151621
0.379387	0.262227	0.358386
0.699372	0.142566	0.158063
0.02095	0.373274	0.605776
0.410148	0.144027	0.445825
0.625648	0.258381	0.115971
0.392848	0.318937	0.288216
0.199177	0.240653	0.56017
0.616521	0.179161	0.204318
0.0902285	0.552441	0.357331
0.203391	0.404697	0.391912
0.243556	0.55243	0.204014
0.293929	0.592649	0.113422
0.493991	0.069267	0.436742
0.174304	0.24953	0.576166
0.16612	0.379648	0.454232
0.0850821	0.503214	0.411704
0.484164	0.378949	0.136887
0.119078	0.547355	0.333567
0.374218	0.323001	0.302782
0.620213	0.0592553	0.320531
0.48652	0.0319662	0.481514
0.419822	0.406683	0.173495
0.156169	0.495356	0.348475
0.333333	0.290795	0.375872
0.545425	0.105899	0.348676
0.142031	0.52198	0.335989
0.122052	0.384941	0.493007
0.7844	0.0122564	0.203344
0.480332	0.0781425	0.441525
0.517027	0.425367	0.0576061
0.522743	0.184215	0.293041
0.182275	0.227329	0.590396
0.190607	0.188473	0.62092
0.54645	0.0678302	0.38572
0.25947	0.227324	0.513206
0.51261	0.230696	0.256695
0.128146	0.432763	0.439091
0.510747	0.302834	0.186419
0.340954	0.277314	0.381732
0.140475	0.540364	0.319161
0.479459	0.201951	0.31859
0.316631	0.315833	0.367536
0.0580752	0.524235	0.41769
0.554293	0.380657	0.06505
0.31407	0.376688	0.309242
0.224419	0.31232	0.463261
0.236689	0.552551	0.21076
0.267885	0.465185	0.26693
0.374497	0.456885	0.168618
0.56212	0.272665	0.165215
0.671305	0.0160763	0.312618
0.50664	0.0940717	0.399288
0.224874	0.465116	0.310009
0.209538	0.440863	0.349599
0.227211	0.606353	0.166436
0.29045	0.333225	0.376326
0.414564	0.434875	0.150561
0.528538	0.242121	0.229341
0.433073	0.15533	0.411596
0.378275	0.0585011	0.563224
0.168745	0.734399	0.096856
0.124616	0.0768637	0.798521
0.368851	0.287704	0.343445
0.0930729	0.278886	0.628041
0.383755	0.536095	0.08015
0.317931	0.383539	0.29853
0.49641	0.489244	0.014346
0.403829	0.376114	0.220058
0.404435	0.0134406	0.582124
0.122885	0.317163	0.559952
0.344815	0.498579	0.156605
0.566562	0.0929303	0.340508
0.623916	0.168943	0.207141
0.410672	0.563548	0.0257809
0.126564	0.593665	0.279771
0.337954	0.448314	0.213732
0.247942	0.0461561	0.705902
0.466224	0.377003	0.156773
0.34193	0.32645	0.33162
0.351472	0.380731	0.267796
0.179454	0.325021	0.495525
0.199758	0.664444	0.135798
0.113708	0.840963	0.0453287
0.390516	0.496809	0.112675
0.456694	0.252242	0.291064
0.548778	0.106616	0.344607
0.476216	0.270728	0.253055
0.425424	0.28181	0.292766
0.443749	0.21655	0.339701
0.160561	0.328653	0.510786
0.501273	0.215919	0.282808
0.199397	0.105288	0.695315
0.196088	0.768769	0.0351423
0.369123	0.350052	0.280825
0.603634	0.0993882	0.296977
0.3418	0.269817	0.388383
0.305432	0.130656	0.563911
0.437047	0.388107	0.174846
0.353747	0.154334	0.491919
0.0260414	0.585827	0.388132
0.254678	0.676918	0.0684038
0.467729	0.364059	0.168213
0.24645	0.28944	0.46411
0.0196048	0.125618	0.854778
0.626663	0.113217	0.26012
0.173259	0.427679	0.399062
0.179932	0.457035	0.363033
0.500216	0.094516	0.405268
0.335788	0.437332	0.22688
0.228497	0.438406	0.333097
0.348047	0.385743	0.266209
0.244485	0.380085	0.37543
0.0973611	0.147423	0.755216
0.255438	0.589972	0.154591
0.24612	0.398931	0.354948
0.286449	0.375601	0.33795
0.0227464	0.489603	0.487651
0.441646	0.529388	0.0289661
0.379326	0.366655	0.25402
0.148908	0.289485	0.561607
0.324475	0.343386	0.332139
0.0507184	0.743064	0.206217
0.582961	0.167718	0.249321
0.237883	0.671349	0.0907673
0.0908289	0.592223	0.316948
0.50816	0.131945	0.359895
0.455978	0.336192	0.20783
0.182865	0.215477	0.601658
0.260961	0.354767	0.384272
0.262119	0.511057	0.226824
0.730764	0.166787	0.102449
0.304154	0.457612	0.238234
0.382519	0.253693	0.363788
0.259008	0.283888	0.457104
0.198891	0.386066	0.415043
0.196394	0.793214	0.010392
0.601611	0.305935	0.0924546
0.550399	0.0792494	0.370352
0.677882	0.0752623	0.246855
0.365997	0.140589	0.493413
0.090339	0.504054	0.405607
0.457055	0.38393	0.159015
0.271536	0.281912	0.446552
0.0179991	0.406898	0.575103
0.0449854	0.436882	0.518133
0.293374	0.484261	0.222365
0.365948	0.436808	0.197244
0.447731	0.175953	0.376316
0.317117	0.50543	0.177453
0.40181	0.18631	0.41188
0.407077	0.106896	0.486027
0.650699	0.0624612	0.28684
