0.590183	0.028146	0.381671
0.388992	0.426289	0.184718
0.438805	0.332132	0.229063
0.389082	0.304777	0.306141
0.55083	0.244859	0.204311
0.501605	0.468418	0.0299769
0.171944	0.13677	0.691286
0.471052	0.324693	0.204255
0.381287	0.35522	0.263493
0.428605	0.213267	0.358128
0.200983	0.287846	0.511171
0.092374	0.342318	0.565308
0.502934	0.476365	0.020701
0.25625	0.247295	0.496455
0.186098	0.12395	0.689952
0.427815	0.279813	0.292371
0.186931	0.441347	0.371722
0.378805	0.192211	0.428984
0.354311	0.0624679	0.583221
0.180054	0.544904	0.275042
0.579895	0.283892	0.136213
0.0324347	0.491603	0.475962
0.246671	0.426008	0.327321
0.313573	0.343878	0.342549
0.152221	0.0151101	0.832669
0.276532	0.222102	0.501366
0.24208	0.281718	0.476202
0.50249	0.131205	0.366305
0.127727	0.765597	0.106676
0.462457	0.0846946	0.452848
0.180942	0.385928	0.43313
0.502222	0.0514265	0.446351
0.261083	0.425677	0.31324
0.137233	0.462841	0.399926
0.589258	0.0280971	0.382644
0.486671	0.0672156	0.446114
0.381373	0.126296	0.492331
0.783273	0.0770678	0.139659
0.511645	0.0211597	0.467196
0.465231	0.365363	0.169405
0.399056	0.0661334	0.534811
0.377938	0.446417	0.175645
0.667322	0.0123043	0.320374
0.462696	0.389369	0.147936
0.387855	0.180357	0.431789
0.211011	0.34016	0.448829
0.421794	0.363451	0.214755
0.585535	0.24066	0.173806
0.150176	0.296011	0.553813
0.283231	0.293066	0.423703
0.27853	0.379258	0.342212
0.553637	0.167711	0.278651
0.29861	0.256975	0.444415
0.607501	0.175849	0.216649
0.1893	0.710803	0.0998972
0.124781	0.532017	0.343202
0.095109	0.648379	0.256512
0.299104	0.494795	0.206101
0.659338	0.254415	0.0862471
0.0708593	0.727295	0.201846
0.266912	0.428883	0.304205
0.242442	0.186699	0.570859
0.0702463	0.518067	0.411686
0.379667	0.293232	0.327101
0.149585	0.581533	0.268882
0.281501	0.202913	0.515587
0.573548	0.321213	0.105239
0.169648	0.203755	0.626597
0.241569	0.201163	0.557268
0.362544	0.398268	0.239188
0.451331	0.09772	0.450949
0.0690963	0.232306	0.698597
0.209454	0.39668	0.393866
0.333976	0.229932	0.436092
0.0460773	0.175225	0.778698
0.526037	0.124523	0.34944
0.259886	0.364866	0.375248
0.335629	0.314657	0.349714
0.238354	0.3536	0.408046
0.55452	0.133199	0.312281
0.463705	0.327163	0.209132
0.119077	0.43826	0.442663
0.0321241	0.0694177	0.898458
0.289402	0.321204	0.389395
0.275395	0.333725	0.39088
0.22907	0.463714	0.307216
0.335157	0.271808	0.393035
0.452736	0.26823	0.279034
0.346624	0.278898	0.374477
0.386697	0.183299	0.430004
0.233938	0.382766	0.383296
0.115521	0.36629	0.518189
0.42474	0.42555	0.149711
0.0743678	0.49825	0.427382
0.133972	0.404234	0.461795
0.0712566	0.245866	0.682877
0.475629	0.01179	0.512581
0.55223	0.266317	0.181452
0.832643	0.0566776	0.110679
0.233319	0.324718	0.441963
0.201794	0.34969	0.448516
0.0207571	0.53898	0.440263
0.0175033	0.0917584	0.890738
0.399019	0.429841	0.17114
0.411505	0.251844	0.336652
0.0105694	0.606561	0.38287
0.246653	0.414045	0.339302
0.20444	0.270383	0.525177
0.338591	0.243535	0.417875
0.395983	0.362073	0.241945
0.467534	0.140092	0.392374
0.225	0.416083	0.358917
0.0268242	0.68543	0.287746
0.295197	0.409467	0.295336
0.459214	0.340476	0.20031
0.376824	0.436572	0.186604
0.849731	0.0527977	0.0974715
0.333402	0.232951	0.433647
0.351225	0.254425	0.39435
0.126686	0.426695	0.446619
0.12877	0.439469	0.431762
0.315946	0.429727	0.254328
0.141885	0.549243	0.308872
0.0946553	0.847677	0.0576674
0.386498	0.371117	0.242385
0.337026	0.382258	0.280717
0.546555	0.361747	0.0916983
0.474178	0.12508	0.400742
0.290936	0.263871	0.445193
0.377207	0.213123	0.40967
0.327527	0.357787	0.314686
0.389373	0.537735	0.0728916
0.225059	0.368371	0.40657
0.154825	0.477039	0.368136
0.425542	0.0583075	0.51615
0.42122	0.41976	0.15902
0.327699	0.288097	0.384204
0.259132	0.553404	0.187463
0.028673	0.64962	0.321707
0.495806	0.189915	0.314279
0.498128	0.154048	0.347824
0.103261	0.0551015	0.841638
0.587257	0.123982	0.288761
0.437963	0.534024	0.028013
0.416541	0.268217	0.315242
0.345288	0.30483	0.349882
0.908775	0.0495694	0.0416561
0.11114	0.589315	0.299545
0.128262	0.759538	0.1122
0.269554	0.62689	0.103556
0.452041	0.192808	0.355151
0.321293	0.0516611	0.627046
0.176128	0.596157	0.227716
0.0864305	0.855701	0.0578688
0.423304	0.333057	0.243638
0.70928	0.234231	0.0564891
0.349929	0.371495	0.278576
0.243445	0.259562	0.496993
0.363532	0.235047	0.40142
0.659018	0.274646	0.0663366
0.301298	0.393113	0.305589
0.339478	0.336175	0.324347
0.22637	0.399571	0.374059
0.241941	0.236939	0.52112
0.583629	0.1104	0.305971
0.464834	0.340949	0.194216
0.379485	0.18516	0.435355
0.096649	0.323681	0.57967
0.376274	0.0769744	0.546751
0.241189	0.380533	0.378278
0.419398	0.108612	0.47199
0.535573	0.396993	0.0674343
0.0253614	0.777468	0.197171
0.160457	0.446964	0.392579
0.374055	0.371958	0.253986
0.403188	0.375777	0.221035
0.020667	0.479579	0.499754
0.562666	0.0231294	0.414205
0.0419251	0.703905	0.25417
0.142299	0.436305	0.421396
0.223522	0.310142	0.466335
0.241103	0.144251	0.614646
0.291052	0.401167	0.307781
0.0214448	0.55362	0.424935
0.2218	0.352643	0.425557
0.234168	0.274976	0.490856
0.17924	0.691523	0.129237
0.218122	0.518864	0.263014
0.346065	0.544831	0.109104
0.421939	0.541324	0.036737
0.446827	0.19578	0.357393
0.402526	0.341805	0.255669
0.77485	0.146964	0.078186
0.322737	0.148948	0.528315
0.129555	0.517916	0.352528
0.620155	0.215509	0.164336
0.565686	0.135149	0.299166
0.621197	0.284933	0.0938697
0.191283	0.472742	0.335975
0.508369	0.00803723	0.483593
0.257358	0.325993	0.416649
0.387663	0.21282	0.399517
0.54097	0.443148	0.0158819
0.402862	0.130157	0.466981
0.310129	0.586603	0.103268
0.363585	0.360433	0.275982
0.351105	0.370401	0.278494
0.206662	0.77733	0.0160079
0.268183	0.448528	0.283288
0.115921	0.336372	0.547707
0.0490471	0.470816	0.480137
0.317043	0.380678	0.302279
0.377156	0.0865298	0.536314
0.252101	0.543761	0.204138
0.391942	0.352777	0.255281
0.272867	0.318537	0.408596
0.131925	0.46763	0.400446
0.376754	0.20662	0.416626
0.230868	0.163039	0.606093
0.0574465	0.638804	0.303749
0.190647	0.174281	0.635072
0.0670109	0.618704	0.314285
0.604949	0.118798	0.276253
0.442856	0.291498	0.265647
0.272845	0.378457	0.348697
0.27001	0.356266	0.373723
0.295877	0.188489	0.515634
0.259499	0.629803	0.110698
0.143362	0.293536	0.563102
0.396885	0.372534	0.230581
0.403093	0.260632	0.336275
0.402791	0.25659	0.340619
0.199371	0.548382	0.252246
0.302261	0.312486	0.385252
0.457037	0.148369	0.394595
0.0281009	0.72314	0.248759
0.335647	0.028921	0.635432
0.308006	0.322217	0.369777
0.584623	0.175732	0.239644
0.407192	0.538166	0.0546425
0.358415	0.561701	0.0798844
0.00915127	0.512971	0.477878
0.112003	0.593257	0.294739
0.193508	0.584824	0.221668
0.0755625	0.37561	0.548828
0.351313	0.253521	0.395166
0.305287	0.361632	0.333081
0.369997	0.278566	0.351437
0.560808	0.174152	0.26504
0.388399	0.462161	0.14944
0.113262	0.365304	0.521433
0.411702	0.188722	0.399576
0.0948702	0.217112	0.688018
0.49826	0.194897	0.306844
0.0832207	0.553041	0.363738
0.301129	0.309089	0.389782
0.286992	0.240603	0.472405
0.297761	0.42651	0.275729
0.373751	0.226302	0.399948
0.356557	0.435961	0.207482
0.234369	0.354707	0.410924
0.355327	0.591091	0.0535818
0.450096	0.530705	0.0191988
0.523905	0.244638	0.231457
0.0785775	0.236699	0.684724
0.140043	0.488877	0.37108
0.35184	0.392476	0.255684
0.265978	0.227138	0.506884
0.193693	0.63861	0.167696
0.419188	0.35069	0.230122
0.402273	0.193025	0.404703
0.314649	0.358449	0.326902
0.223854	0.265347	0.510799
0.715213	0.100729	0.184057
0.0649907	0.146661	0.788348
0.309618	0.338188	0.352194
0.356152	0.381662	0.262187
0.481539	0.108666	0.409794
0.281535	0.382884	0.335581
0.417684	0.472812	0.109503
0.423706	0.365333	0.210961
0.245427	0.543875	0.210698
0.209106	0.483487	0.307407
0.114952	0.435978	0.44907
0.279828	0.160775	0.559396
0.50486	0.476122	0.0190187
0.745846	0.180263	0.0738918
0.64598	0.137113	0.216907
0.331212	0.431878	0.236909
0.323714	0.0836614	0.592625
0.161865	0.472106	0.366029
0.157618	0.296455	0.545927
0.334807	0.319949	0.345244
0.533667	0.191215	0.275119
0.260189	0.25684	0.482972
0.309948	0.324312	0.36574
0.772601	0.159264	0.0681355
0.205869	0.0127312	0.7814
0.354619	0.372071	0.27331
0.256035	0.403499	0.340465
0.27244	0.367831	0.359728
0.353906	0.469504	0.17659
0.265508	0.207041	0.527451
0.357986	0.281451	0.360562
0.457973	0.293214	0.248813
0.559583	0.0959748	0.344442
0.215489	0.719175	0.0653362
0.202217	0.411277	0.386506
0.426222	0.453639	0.120139
0.463198	0.373489	0.163313
0.075025	0.510645	0.414329
0.586243	0.252344	0.161413
0.22488	0.53532	0.2398
0.25921	0.322189	0.418601
0.24775	0.335267	0.416983
0.112911	0.200485	0.686604
0.373488	0.420296	0.206216
0.360412	0.185812	0.453776
0.328027	0.509849	0.162124
0.0902872	0.430697	0.479015
0.225188	0.137077	0.637734
0.0194672	0.805082	0.175451
0.423902	0.310077	0.266021
0.498077	0.161674	0.340249
0.567749	0.315103	0.117148
0.320369	0.214975	0.464656
0.176348	0.40308	0.420572
0.454093	0.268366	0.277542
0.189546	0.366327	0.444126
0.0822033	0.648642	0.269155
0.305864	0.345688	0.348449
0.292264	0.555674	0.152062
0.160073	0.641203	0.198724
0.701105	0.101092	0.197804
0.643138	0.0286986	0.328163
0.511496	0.429126	0.0593779
0.160456	0.664532	0.175011
0.175109	0.0483473	0.776544
0.348378	0.33228	0.319342
0.351033	0.215111	0.433856
0.30084	0.249135	0.450025
0.383297	0.189657	0.427046
0.526566	0.372783	0.100651
0.397017	0.239007	0.363976
0.063326	0.143145	0.793529
0.496829	0.373139	0.130032
0.295519	0.268899	0.435583
0.200211	0.479693	0.320096
0.479928	0.484787	0.0352855
0.372207	0.328948	0.298846
0.776191	0.195009	0.0288005
0.305253	0.124489	0.570258
0.490441	0.148247	0.361313
0.309906	0.497174	0.19292
0.170887	0.409841	0.419272
0.492885	0.121352	0.385763
0.068915	0.724248	0.206837
0.486973	0.40733	0.105697
0.557011	0.353207	0.0897813
0.410517	0.203021	0.386462
0.0756019	0.571031	0.353367
0.0452133	0.307435	0.647352
0.513929	0.291455	0.194616
0.0505121	0.237322	0.712166
0.296432	0.158842	0.544726
0.0266342	0.33562	0.637746
0.550506	0.296281	0.153212
0.397686	0.10414	0.498173
0.152019	0.469434	0.378547
0.375621	0.261377	0.363002
0.271709	0.180736	0.547556
0.438298	0.379418	0.182284
0.343858	0.0153348	0.640808
0.474827	0.317475	0.207698
0.42721	0.226835	0.345955
0.377784	0.315753	0.306463
0.799146	0.0821356	0.118718
0.11069	0.264805	0.624505
0.107833	0.422376	0.469791
0.23901	0.428196	0.332794
0.507137	0.187671	0.305192
0.411428	0.260778	0.327794
0.0961186	0.380938	0.522944
0.339787	0.530602	0.129611
0.065148	0.0659685	0.868884
0.214592	0.430009	0.355399
0.548328	0.0229314	0.428741
0.225569	0.437376	0.337054
0.610832	0.177189	0.211979
0.473646	0.13145	0.394904
0.226136	0.509144	0.264721
0.044233	0.136643	0.819124
0.417823	0.405215	0.176962
0.149099	0.423954	0.426946
0.276579	0.22875	0.494671
0.270448	0.247656	0.481896
0.145021	0.625851	0.229127
0.34852	0.294972	0.356509
0.406576	0.519322	0.0741019
0.561013	0.364745	0.0742421
0.344525	0.293476	0.361999
0.493226	0.211647	0.295127
0.336683	0.27784	0.385477
0.370818	0.210362	0.41882
0.422925	0.107418	0.469657
0.298664	0.592985	0.108351
0.304122	0.498883	0.196996
0.52303	0.0897198	0.387251
0.331178	0.509804	0.159018
0.36253	0.502469	0.135001
0.479897	0.0844961	0.435606
0.257125	0.3344	0.408474
0.187081	0.315148	0.49777
0.0497875	0.136271	0.813941
0.395548	0.114443	0.490009
0.622437	0.0210779	0.356485
0.185071	0.193858	0.621071
0.532692	0.423266	0.0440424
0.320526	0.349504	0.32997
0.022209	0.394758	0.583033
0.357735	0.334756	0.307509
0.0201416	0.143564	0.836294
0.45436	0.06525	0.48039
0.323653	0.397144	0.279203
0.11871	0.563866	0.317424
0.331068	0.331811	0.337121
0.426859	0.238046	0.335095
0.169138	0.585322	0.245541
0.267855	0.351456	0.380689
0.333939	0.565738	0.100323
0.647354	0.0523413	0.300305
0.253356	0.374637	0.372007
0.106702	0.111553	0.781745
0.354811	0.0851422	0.560047
0.147402	0.455125	0.397473
0.173411	0.134619	0.69197
0.062805	0.337055	0.60014
0.440404	0.214895	0.344701
0.181538	0.581144	0.237318
0.149335	0.471177	0.379488
0.457195	0.118267	0.424538
0.459434	0.207464	0.333102
0.469264	0.244581	0.286154
0.195468	0.385696	0.418836
0.268424	0.635106	0.0964702
0.021201	0.888255	0.0905438
0.861796	0.0280424	0.110161
0.377059	0.27773	0.345211
0.466764	0.259965	0.27327
0.21293	0.434196	0.352874
0.162342	0.556024	0.281634
0.136572	0.457594	0.405834
0.366311	0.401749	0.231941
0.205895	0.361526	0.432578
0.535036	0.115161	0.349803
0.395379	0.529835	0.0747856
0.494789	0.315224	0.189987
0.284207	0.301923	0.41387
0.265303	0.441769	0.292928
0.335119	0.315464	0.349416
0.382535	0.198457	0.419008
0.258282	0.318309	0.423409
0.280968	0.625264	0.0937678
0.280809	0.56894	0.150251
0.180741	0.675207	0.144053
0.507059	0.367824	0.125117
0.286476	0.347143	0.366381
0.0146138	0.489359	0.496027
0.264271	0.367702	0.368028
0.355587	0.314217	0.330196
0.140765	0.173597	0.685638
0.35873	0.455403	0.185867
0.0595741	0.463392	0.477034
0.407025	0.156505	0.436469
0.366162	0.406584	0.227254
0.105989	0.384652	0.509359
0.141969	0.476197	0.381834
0.117788	0.184618	0.697594
0.463843	0.0816481	0.454509
0.0365413	0.746287	0.217171
0.0201799	0.540187	0.439633
0.202757	0.430072	0.367172
0.288029	0.1836	0.52837
0.226201	0.385979	0.38782
0.216399	0.419566	0.364035
0.267674	0.345601	0.386725
0.162879	0.34634	0.490781
0.391892	0.419165	0.188943
0.342357	0.201786	0.455857
0.657262	0.251259	0.091479
0.130817	0.508346	0.360837
0.25114	0.349403	0.399456
0.285647	0.321607	0.392747
0.412383	0.138328	0.449289
0.0739778	0.350663	0.575359
0.0514126	0.382415	0.566172
0.488096	0.479957	0.0319475
0.281398	0.519004	0.199598
0.204017	0.430531	0.365452
0.1831	0.374748	0.442152
0.268961	0.370109	0.360929
0.47495	0.391759	0.133291
0.619444	0.340693	0.039863
0.207005	0.410545	0.382449
0.373433	0.395737	0.23083
0.142748	0.367713	0.489538
0.260756	0.624556	0.114688
0.251214	0.333271	0.415515
0.277575	0.0318337	0.690591
0.477705	0.377665	0.14463
0.151907	0.487491	0.360602
0.165845	0.294371	0.539784
0.530096	0.354478	0.115426
0.209361	0.388996	0.401643
0.42741	0.340539	0.232052
0.661995	0.325311	0.0126943
0.884626	0.0585576	0.0568167
0.520563	0.112676	0.366761
0.230801	0.301661	0.467538
0.178567	0.393564	0.42787
0.0876322	0.317111	0.595257
0.117351	0.466072	0.416577
0.241971	0.699954	0.0580752
0.169102	0.523917	0.306981
0.237192	0.266394	0.496414
0.208959	0.276327	0.514714
0.478183	0.353419	0.168398
0.305281	0.393546	0.301173
0.203703	0.266461	0.529836
0.359045	0.316273	0.324682
0.104494	0.52794	0.367566
0.190861	0.325282	0.483857
0.176372	0.431874	0.391754
0.498873	0.222244	0.278884
0.350177	0.394711	0.255112
0.20362	0.494096	0.302283
0.333738	0.442153	0.224109
0.68052	0.12364	0.19584
0.52621	0.0100758	0.463714
0.20072	0.565685	0.233595
0.361041	0.362285	0.276674
0.312384	0.442728	0.244889
0.669785	0.161092	0.169124
0.271339	0.38038	0.348281
0.390481	0.421095	0.188425
0.554855	0.286318	0.158827
0.22935	0.250236	0.520414
0.32783	0.250179	0.421991
0.276123	0.347932	0.375946
0.318109	0.282266	0.399625
0.484465	0.418893	0.0966413
0.456151	0.166075	0.377774
0.400077	0.28883	0.311092
0.0720091	0.561125	0.366866
0.346537	0.282932	0.370531
0.711875	0.0163472	0.271778
0.18923	0.43964	0.37113
0.613592	0.00958553	0.376823
0.295319	0.47214	0.23254
0.608472	0.165711	0.225817
0.439342	0.445214	0.115443
0.154948	0.32812	0.516932
0.376889	0.220163	0.402948
0.134273	0.690124	0.175603
0.512392	0.025345	0.462263
0.162226	0.429302	0.408472
0.484497	0.397192	0.118311
0.40482	0.106628	0.488552
0.472586	0.324025	0.203389
0.453521	0.464804	0.0816754
0.476176	0.412322	0.111502
0.322314	0.204678	0.473008
0.244522	0.147666	0.607812
0.0231955	0.464311	0.512493
0.556275	0.229839	0.213886
0.236414	0.143587	0.619999
0.0879674	0.399455	0.512577
0.437957	0.358183	0.203859
0.272315	0.369501	0.358183
0.113906	0.125565	0.760529
0.19184	0.341365	0.466796
0.090058	0.30527	0.604672
0.171149	0.532013	0.296839
0.285069	0.38756	0.327371
0.400194	0.214521	0.385285
0.518305	0.329846	0.15185
0.542988	0.0554754	0.401537
0.0317944	0.73755	0.230655
0.219255	0.0768743	0.70387
0.758622	0.088414	0.152964
0.0583097	0.542046	0.399644
0.225974	0.421883	0.352143
0.56862	0.358249	0.0731305
0.356471	0.24623	0.397299
0.385709	0.472303	0.141988
0.351926	0.498419	0.149655
0.506259	0.4563	0.0374409
0.198366	0.463969	0.337666
0.36907	0.534379	0.0965506
0.197586	0.459607	0.342806
0.229495	0.220541	0.549964
0.0628684	0.317367	0.619764
0.669638	0.161761	0.168601
0.894366	0.075351	0.0302829
0.246679	0.349312	0.404008
0.509056	0.482264	0.00868052
0.4731	0.0906614	0.436238
0.0410533	0.527648	0.431298
0.751761	0.0188922	0.229347
0.595829	0.146973	0.257197
0.197718	0.375133	0.427149
0.311589	0.408014	0.280396
0.43969	0.0629776	0.497332
0.436297	0.488212	0.0754911
0.481929	0.18558	0.332491
0.135877	0.165355	0.698768
0.424068	0.249666	0.326266
0.31409	0.479856	0.206054
0.16876	0.507792	0.323448
0.603948	0.220168	0.175884
0.568767	0.0351384	0.396095
0.099356	0.219048	0.681596
0.355708	0.389387	0.254905
0.128255	0.279298	0.592446
0.583269	0.281183	0.135547
0.688498	0.0593435	0.252159
0.461982	0.484506	0.0535124
0.203141	0.570077	0.226782
0.337204	0.305792	0.357004
0.10424	0.64293	0.25283
0.159492	0.438292	0.402216
0.368619	0.571639	0.0597418
0.0206453	0.486316	0.493039
0.424939	0.503178	0.0718837
0.0687105	0.266217	0.665073
0.165053	0.566755	0.268191
0.414749	0.0405576	0.544693
0.371751	0.488529	0.139719
0.419638	0.257425	0.322936
0.444196	0.0944212	0.461383
0.339157	0.410706	0.250137
0.2596	0.377136	0.363264
0.127728	0.437881	0.434391
0.307553	0.186502	0.505945
0.409632	0.0550114	0.535356
0.518658	0.0660124	0.415329
0.341542	0.471951	0.186507
0.897758	0.0425969	0.0596455
0.145567	0.42541	0.429023
0.318267	0.411728	0.270004
0.0652745	0.509294	0.425431
0.138538	0.385148	0.476314
0.173217	0.43507	0.391713
0.523317	0.0480082	0.428675
0.104112	0.520092	0.375796
0.432601	0.182457	0.384942
0.637931	0.329268	0.0328014
0.294967	0.579819	0.125215
0.240113	0.470417	0.289471
0.381546	0.316848	0.301607
0.170856	0.342777	0.486368
0.135748	0.193194	0.671058
0.903795	0.0353865	0.0608184
0.0704965	0.605045	0.324459
0.420244	0.437699	0.142057
0.154084	0.398284	0.447632
0.0842818	0.581561	0.334157
0.14653	0.296622	0.556848
0.599454	0.0601384	0.340408
0.355872	0.47712	0.167007
0.404593	0.259853	0.335554
0.429697	0.248694	0.321609
0.212096	0.51915	0.268754
0.254616	0.425663	0.319722
0.409808	0.492236	0.0979564
0.355139	0.393251	0.251609
0.0610648	0.0691837	0.869752
0.655395	0.251185	0.0934198
0.141073	0.561287	0.297641
0.470279	0.34406	0.185661
0.393301	0.422342	0.184357
0.212781	0.357682	0.429537
0.489086	0.432311	0.0786032
0.208162	0.345695	0.446143
0.348184	0.0127065	0.639109
0.527263	0.348504	0.124233
0.455045	0.3839	0.161056
0.398758	0.164976	0.436266
0.399031	0.181149	0.41982
0.576884	0.217815	0.205301
0.167546	0.0919376	0.740516
0.27196	0.359768	0.368272
0.587317	0.361219	0.0514646
0.323362	0.542796	0.133842
0.347979	0.296217	0.355805
0.580892	0.192047	0.227062
0.400597	0.237008	0.362395
0.67232	0.148866	0.178814
0.581108	0.327359	0.0915337
0.379904	0.497738	0.122358
0.0522641	0.303266	0.64447
0.472118	0.422651	0.10523
0.390784	0.147959	0.461257
0.145546	0.424376	0.430078
0.387264	0.276922	0.335814
0.479608	0.127296	0.393096
0.112733	0.380921	0.506346
0.122972	0.468978	0.40805
0.240058	0.398936	0.361006
0.26844	0.282561	0.448999
0.148334	0.041486	0.81018
0.103597	0.529589	0.366814
0.583433	0.0235633	0.393004
0.535325	0.298589	0.166086
0.341174	0.282921	0.375905
0.396217	0.237387	0.366396
0.490606	0.337402	0.171992
0.315187	0.19147	0.493343
0.161398	0.334998	0.503604
0.492327	0.254163	0.25351
0.320979	0.336394	0.342627
0.355991	0.323795	0.320214
0.253739	0.332511	0.41375
0.373176	0.0666363	0.560188
0.231555	0.318217	0.450228
0.313406	0.488879	0.197715
0.147137	0.451985	0.400878
0.431768	0.277701	0.290531
0.502903	0.09287	0.404227
0.108015	0.603664	0.28832
0.161592	0.682975	0.155433
0.410766	0.266738	0.322496
0.382007	0.576726	0.0412671
0.216954	0.64198	0.141067
0.10009	0.658423	0.241486
0.342118	0.290256	0.367626
0.346019	0.424951	0.22903
0.50652	0.165679	0.327802
0.207215	0.347639	0.445146
0.16872	0.438398	0.392882
0.506772	0.158321	0.334907
0.246478	0.391494	0.362029
0.496982	0.184937	0.31808
0.526188	0.25883	0.214981
0.332403	0.387255	0.280342
0.400915	0.335498	0.263588
0.531546	0.439842	0.028612
0.417281	0.0917045	0.491015
0.112064	0.790866	0.0970701
0.180213	0.47477	0.345017
0.115482	0.691755	0.192763
0.687943	0.280461	0.0315964
0.264476	0.461324	0.2742
0.381419	0.441639	0.176943
0.352161	0.461556	0.186284
0.00857833	0.506175	0.485246
0.373029	0.329726	0.297245
0.304037	0.401626	0.294337
0.248522	0.502663	0.248815
0.599144	0.314153	0.0867032
0.0357431	0.621212	0.343045
0.22632	0.605165	0.168515
0.487604	0.425622	0.0867735
0.390764	0.397426	0.21181
0.383185	0.379933	0.236882
0.346017	0.463076	0.190907
0.516812	0.186836	0.296352
0.200692	0.401504	0.397804
0.574827	0.15729	0.267882
0.0299825	0.69655	0.273467
0.0829623	0.456722	0.460316
0.4423	0.222447	0.335252
0.164203	0.51664	0.319157
0.235007	0.699327	0.0656656
0.3405	0.291201	0.368299
0.359103	0.314713	0.326184
0.238875	0.0262244	0.7349
0.101692	0.659877	0.238431
0.0837785	0.242394	0.673827
0.298048	0.0241384	0.677814
0.199381	0.304033	0.496586
0.253418	0.239883	0.506699
0.766276	0.0460853	0.187639
0.322298	0.308244	0.369458
0.456684	0.170452	0.372864
0.379324	0.423609	0.197067
0.026041	0.573849	0.40011
0.049461	0.273544	0.676995
0.0999904	0.803337	0.0966722
0.348951	0.242978	0.408071
0.303534	0.194461	0.502005
0.136563	0.779468	0.0839692
0.0689033	0.270739	0.660358
0.611855	0.148341	0.239804
0.556901	0.157293	0.285806
0.590562	0.352385	0.0570529
0.0258876	0.338119	0.635994
0.508671	0.201969	0.28936
0.181267	0.0599607	0.758772
0.348849	0.423187	0.227965
0.288814	0.232279	0.478907
0.0298086	0.523992	0.4462
0.236606	0.341094	0.4223
0.512228	0.210142	0.27763
0.301544	0.413188	0.285268
0.330681	0.279379	0.38994
0.481374	0.495017	0.0236086
0.562098	0.26748	0.170422
0.654907	0.102269	0.242824
0.270468	0.3099	0.419633
0.357344	0.227706	0.41495
0.245717	0.489359	0.264924
0.0865768	0.584697	0.328726
0.495155	0.216696	0.288149
0.28628	0.344436	0.369284
0.501637	0.034739	0.463624
0.261849	0.409604	0.328547
0.147105	0.444456	0.408439
0.0594499	0.400032	0.540518
0.450887	0.302448	0.246666
0.153705	0.0595063	0.786789
0.794487	0.0811753	0.124337
0.316405	0.214597	0.468998
0.379753	0.349655	0.270592
0.347859	0.380659	0.271481
0.347804	0.599688	0.0525079
0.0590561	0.444506	0.496438
0.332498	0.33559	0.331911
0.214619	0.461367	0.324014
0.579855	0.207626	0.212519
0.330525	0.327823	0.341652
0.0838897	0.258308	0.657802
0.251985	0.400532	0.347482
0.616417	0.374857	0.00872546
0.246985	0.539607	0.213409
0.275281	0.179528	0.545191
0.0529386	0.722403	0.224659
0.31644	0.491836	0.191724
0.11858	0.442714	0.438706
0.121916	0.490281	0.387803
0.411383	0.408935	0.179682
0.39508	0.125473	0.479447
0.367061	0.310698	0.322241
0.132004	0.195646	0.67235
0.251771	0.320717	0.427512
0.102238	0.441068	0.456693
0.182979	0.25676	0.560261
0.519996	0.0778482	0.402155
0.201504	0.392735	0.405761
0.014439	0.596056	0.389505
0.252477	0.597358	0.150166
0.233613	0.424274	0.342114
0.351425	0.351588	0.296987
0.648187	0.231549	0.120263
0.0842124	0.467818	0.447969
0.145044	0.561456	0.2935
0.0306238	0.438012	0.531364
0.445888	0.297396	0.256715
0.217999	0.372728	0.409273
0.151583	0.586243	0.262174
0.747365	0.0821866	0.170449
0.126595	0.451567	0.421839
0.352049	0.314719	0.333232
0.243531	0.0334412	0.723028
0.382044	0.238707	0.379249
0.379447	0.17444	0.446113
0.219784	0.177203	0.603013
0.449923	0.208825	0.341252
0.0145287	0.63372	0.351752
0.0352315	0.683236	0.281533
0.386367	0.453067	0.160566
0.357976	0.280466	0.361558
0.533517	0.456032	0.0104509
0.360753	0.121429	0.517818
0.238459	0.346594	0.414947
0.525151	0.146422	0.328427
0.793421	0.0170383	0.189541
0.330505	0.483488	0.186007
0.324816	0.0916066	0.583577
0.349118	0.43214	0.218741
0.429773	0.27642	0.293808
0.333956	0.262352	0.403692
0.118544	0.242039	0.639417
0.270123	0.547343	0.182534
0.431949	0.359872	0.20818
0.560143	0.234361	0.205496
0.36618	0.441247	0.192573
0.273014	0.281169	0.445817
0.333684	0.368805	0.297511
0.142089	0.752833	0.105078
0.479518	0.43106	0.0894228
0.469642	0.109751	0.420606
0.508919	0.175116	0.315965
0.514804	0.333109	0.152088
0.32214	0.307069	0.370791
0.157567	0.515987	0.326446
0.373021	0.363749	0.26323
0.219703	0.444321	0.335976
0.0478265	0.526426	0.425748
0.173575	0.22428	0.602145
0.379282	0.519481	0.101238
0.252816	0.189239	0.557945
0.260717	0.47775	0.261533
0.121448	0.194021	0.684531
0.0966786	0.688476	0.214845
0.18895	0.369951	0.441099
0.694018	0.0226295	0.283353
0.230144	0.428023	0.341832
0.401491	0.387174	0.211335
0.434109	0.156774	0.409117
0.508292	0.0996359	0.392072
0.583626	0.0446819	0.371692
0.727773	0.235412	0.036815
0.081882	0.390529	0.527589
0.0436431	0.487097	0.46926
0.688264	0.126107	0.185629
0.106365	0.170469	0.723165
0.37803	0.416341	0.205629
0.546761	0.286082	0.167157
0.130322	0.224297	0.645381
0.0328058	0.596044	0.37115
0.249414	0.370748	0.379838
0.378109	0.451898	0.169993
0.0765088	0.481415	0.442076
0.199298	0.0273972	0.773305
0.224454	0.412267	0.363279
0.488656	0.297398	0.213946
0.120796	0.297895	0.581309
0.466545	0.057521	0.475934
0.280996	0.399932	0.319072
0.391474	0.412615	0.195911
0.304386	0.417179	0.278435
0.304083	0.415752	0.280165
0.427783	0.111151	0.461067
0.287352	0.488444	0.224204
0.182484	0.0453045	0.772212
0.403878	0.0850936	0.511029
0.493447	0.219045	0.287507
0.67788	0.0458115	0.276309
0.297002	0.353333	0.349665
0.431365	0.191634	0.377001
0.290674	0.303476	0.405851
0.216127	0.412221	0.371652
0.364724	0.437906	0.19737
0.367638	0.23272	0.399642
0.315291	0.250293	0.434415
0.215064	0.409391	0.375545
0.371673	0.423663	0.204664
0.331573	0.470657	0.19777
0.173131	0.502082	0.324787
0.355014	0.199099	0.445887
0.377059	0.439311	0.18363
0.109219	0.174973	0.715809
0.299552	0.648447	0.0520005
0.336116	0.444948	0.218936
0.349401	0.225087	0.425512
0.252599	0.487855	0.259547
0.243915	0.399356	0.356729
0.292235	0.389812	0.317952
0.675614	0.114046	0.210339
0.296707	0.377764	0.325528
0.294804	0.307051	0.398145
0.359089	0.299515	0.341396
0.398418	0.0367495	0.564833
0.122089	0.604541	0.27337
0.536629	0.375686	0.0876851
0.521814	0.101769	0.376417
0.251695	0.312605	0.4357
0.464245	0.420064	0.115691
0.259464	0.274541	0.465995
0.240052	0.375262	0.384685
0.670117	0.10056	0.229323
0.350074	0.377524	0.272402
0.119565	0.575794	0.304641
0.0924496	0.81291	0.0946401
0.125242	0.520554	0.354204
0.772301	0.177427	0.0502728
0.117713	0.348366	0.533921
0.196271	0.0386202	0.765109
0.186077	0.413184	0.400739
0.571637	0.336385	0.0919781
0.13065	0.133102	0.736248
0.343357	0.247191	0.409453
0.102277	0.756716	0.141007
0.476127	0.43058	0.0932931
0.477439	0.380637	0.141924
0.523121	0.30186	0.175019
0.42517	0.237097	0.337733
0.304153	0.260026	0.435821
0.450115	0.0975636	0.452322
0.391225	0.481749	0.127026
0.42904	0.42784	0.14312
0.22226	0.552355	0.225385
0.465415	0.461352	0.0732331
0.507946	0.150648	0.341406
0.463133	0.0625199	0.474347
0.586388	0.136975	0.276636
0.372495	0.145968	0.481537
0.43786	0.0303462	0.531793
0.227764	0.535905	0.236331
